
+4.151089E-3
+3.571681E-3
+2.693881E-3
+2.141873E-3
+1.403411E-3
+2.395823E-3
+2.195336E-3
+3.541942E-4
+1.520362E-3
+1.329899E-3
+1.132753E-3
+5.814131E-4
+7.117299E-4
+6.515837E-4
+3.675600E-4
+7.317786E-4
+9.790463E-4
+7.150713E-4
+5.981204E-4
+4.544379E-4
-1.286460E-3
+2.024922E-3
+5.680473E-5
-8.019492E-5
+1.136095E-3
-1.049217E-3
+2.673164E-4
+1.169509E-4
+1.904629E-4
+5.112426E-4
+2.339018E-4
+4.143404E-4
-7.852419E-4
-5.847546E-4
-8.654368E-4
+4.444135E-4
-1.550435E-3
-3.438357E-3
-7.117299E-4
-3.140968E-4
-1.032510E-3
-1.182875E-3
-1.009119E-3
-1.901288E-3
-1.817751E-3
-1.740898E-3
-2.556213E-3
-3.225506E-3
-4.027456E-3
-4.684386E-3
-2.385799E-3
-9.366719E-2

-4.685388E-3
-4.000724E-3
-3.334772E-3
-2.487045E-3
-1.858517E-3
-2.476018E-3
+2.760042E-3
-2.385799E-3
-1.837800E-3
-2.071702E-4
-1.607240E-3
-9.757048E-4
-5.012182E-4
-8.453881E-4
+2.205360E-4
-4.577793E-4
-7.484859E-4
+7.017055E-4
-8.453881E-4
-8.153150E-4
+2.439262E-4
+9.021928E-5
+1.269753E-4
+4.343891E-5
+7.284372E-4
-8.687783E-4
+2.031605E-3
-3.374869E-4
-2.806822E-4
+1.132753E-3
+7.017055E-5
-6.983641E-4
+2.596310E-3
+3.074138E-4
+1.232997E-3
+8.988514E-4
+3.809259E-4
+8.253393E-4
+7.250957E-4
+1.801044E-3
+2.288897E-3
+1.396728E-3
+1.590533E-3
+3.044065E-3
+2.940480E-3
-1.089314E-3
+2.033944E-3
+2.705242E-3
+3.608437E-3
+4.361935E-3
+5.013519E-3
+5.013519E-3

