
+1.456400E+0
+1.242300E+0
+1.068900E+0
+8.062000E-1
+6.410000E-1
+4.200000E-1
+7.170000E-1
+6.570000E-1
+1.060000E-1
+4.550000E-1
+3.980000E-1
+3.390000E-1
+1.740000E-1
+2.130000E-1
+1.950000E-1
+1.100000E-1
+2.190000E-1
+2.930000E-1
+2.140000E-1
+1.790000E-1
+1.360000E-1
-3.850000E-1
+6.060000E-1
+1.700000E-2
-2.400000E-2
+3.400000E-1
-3.140000E-1
+8.000000E-2
+3.500000E-2
+5.700000E-2
+1.530000E-1
+7.000000E-2
+1.240000E-1
-2.350000E-1
-1.750000E-1
-2.590000E-1
+1.330000E-1
-4.640000E-1
-1.029000E+0
-2.130000E-1
-9.400000E-2
-3.090000E-1
-3.540000E-1
-3.020000E-1
-5.690000E-1
-5.440000E-1
-5.210000E-1
-7.650000E-1
-9.653000E-1
-1.205300E+0
-1.401900E+0
-7.140000E-1

-1.776000E+0
-1.402200E+0
-1.197300E+0
-9.980000E-1
-7.443000E-1
-5.562000E-1
-7.410000E-1
+8.260000E-1
-7.140000E-1
-5.500000E-1
-6.200000E-2
-4.810000E-1
-2.920000E-1
-1.500000E-1
-2.530000E-1
+6.600000E-2
-1.370000E-1
-2.240000E-1
+2.100000E-1
-2.530000E-1
-2.440000E-1
+7.300000E-2
+2.700000E-2
+3.800000E-2
+1.300000E-2
+2.180000E-1
-2.600000E-1
+6.080000E-1
-1.010000E-1
-8.400000E-2
+3.390000E-1
+2.100000E-2
-2.090000E-1
+7.770000E-1
+9.200000E-2
+3.690000E-1
+2.690000E-1
+1.140000E-1
+2.470000E-1
+2.170000E-1
+5.390000E-1
+6.850000E-1
+4.180000E-1
+4.760000E-1
+9.110000E-1
+8.800000E-1
-3.260000E-1
+6.087000E-1
+8.096000E-1
+1.079900E+0
+1.305400E+0
+1.500400E+0

