
+1.349350E+0
+1.155600E+0
+9.375500E-1
+7.236000E-1
+4.305238E-1
+5.190000E-1
+6.870000E-1
+3.815000E-1
+2.805000E-1
+4.265000E-1
+3.685000E-1
+2.565000E-1
+1.935000E-1
+2.040000E-1
+1.525000E-1
+1.645000E-1
+2.560000E-1
+2.535000E-1
+1.965000E-1
+1.575000E-1
-1.245000E-1
+1.105000E-1
+3.115000E-1
-3.500000E-3
+1.580000E-1
+1.300000E-2
-1.170000E-1
+5.750000E-2
+4.600000E-2
+1.050000E-1
+1.115000E-1
+9.700000E-2
-5.550000E-2
-2.050000E-1
-2.170000E-1
-6.300000E-2
-1.655000E-1
-7.465000E-1
-6.210000E-1
-1.535000E-1
-2.015000E-1
-3.315000E-1
-3.280000E-1
-4.355000E-1
-5.565000E-1
-5.419091E-1
-6.430000E-1
-8.651500E-1
-1.085300E+0
-1.303600E+0
-7.467571E-1


-1.758200E+0
-1.299750E+0
-1.097650E+0
-8.711500E-1
-6.502500E-1
-7.242000E-1
+4.250000E-2
+5.600000E-2
-6.320000E-1
-3.060000E-1
-2.715000E-1
-3.865000E-1
-2.210000E-1
-2.015000E-1
-9.350000E-2
-3.550000E-2
-1.805000E-1
-7.000000E-3
-2.150000E-2
-2.485000E-1
-8.550000E-2
+5.000000E-2
+3.250000E-2
+2.550000E-2
+1.155000E-1
-2.100000E-2
+1.740000E-1
+2.535000E-1
-9.250000E-2
+1.275000E-1
+1.800000E-1
-9.400000E-2
+2.840000E-1
+4.345000E-1
+2.305000E-1
+3.190000E-1
+1.915000E-1
+1.805000E-1
+2.320000E-1
+3.780000E-1
+6.120000E-1
+5.515000E-1
+4.470000E-1
+6.935000E-1
+8.955000E-1
+7.600000E-2
-2.814905E-1
+7.091500E-1
+9.447500E-1
+1.192650E+0
+1.402900E+0


