-141.00
-121.00
-101.00
-81.00
-61.00
-41.00
-40.00
-38.00
-36.00
-34.00
-32.00
-30.00
-28.00
-26.00
-24.00
-22.00
-20.00
-18.00
-16.00
-14.00
-12.00
-10.00
-8.00
-6.00
-4.00
-2.00
+0.00
+2.00
+4.00
+6.00
+8.00
+10.00
+12.00
+14.00
+16.00
+18.00
+20.00
+22.00
+24.00
+26.00
+28.00
+30.00
+32.00
+34.00
+36.00
+38.00
+40.00
+60.00
+80.00
+100.00
+120.00
+140.00
+141.00
+141.00
+140.00
+120.00
+100.00
+80.00
+60.00
+40.00
+38.00
+36.00
+34.00
+32.00
+30.00
+28.00
+26.00
+24.00
+22.00
+20.00
+18.00
+16.00
+14.00
+12.00
+10.00
+8.00
+6.00
+4.00
+2.00
+0.00
-2.00
-4.00
-6.00
-8.00
-10.00
-12.00
-14.00
-16.00
-18.00
-20.00
-22.00
-24.00
-26.00
-28.00
-30.00
-32.00
-34.00
-36.00
-38.00
-40.00
-41.00
-61.00
-81.00
-101.00
-121.00
-141.00
-141.00
