+2.993364E-2
+2.996277E-2
+2.998762E-2
+3.000899E-2
+3.002512E-2
+3.003794E-2
+3.003836E-2
+3.003979E-2
+3.004111E-2
+3.004132E-2
+3.004223E-2
+3.004302E-2
+3.004370E-2
+3.004405E-2
+3.004448E-2
+3.004487E-2
+3.004509E-2
+3.004552E-2
+3.004611E-2
+3.004654E-2
+3.004690E-2
+3.004717E-2
+3.004640E-2
+3.004761E-2
+3.004764E-2
+3.004760E-2
+3.004828E-2
+3.004765E-2
+3.004781E-2
+3.004788E-2
+3.004799E-2
+3.004830E-2
+3.004844E-2
+3.004869E-2
+3.004822E-2
+3.004787E-2
+3.004735E-2
+3.004761E-2
+3.004669E-2
+3.004463E-2
+3.004420E-2
+3.004401E-2
+3.004340E-2
+3.004269E-2
+3.004208E-2
+3.004095E-2
+3.003986E-2
+3.002944E-2
+3.001414E-2
+2.999483E-2
+2.997073E-2
+2.994269E-2
+2.994197E-2
+2.994046E-2
+2.994223E-2
+2.997028E-2
+2.999422E-2
+3.001418E-2
+3.002907E-2
+3.004019E-2
+3.004168E-2
+3.004002E-2
+3.004145E-2
+3.004255E-2
+3.004268E-2
+3.004364E-2
+3.004422E-2
+3.004452E-2
+3.004503E-2
+3.004490E-2
+3.004517E-2
+3.004562E-2
+3.004520E-2
+3.004570E-2
+3.004619E-2
+3.004605E-2
+3.004599E-2
+3.004592E-2
+3.004589E-2
+3.004545E-2
+3.004597E-2
+3.004476E-2
+3.004496E-2
+3.004513E-2
+3.004445E-2
+3.004441E-2
+3.004483E-2
+3.004327E-2
+3.004309E-2
+3.004235E-2
+3.004181E-2
+3.004158E-2
+3.004109E-2
+3.004066E-2
+3.003958E-2
+3.003821E-2
+3.003737E-2
+3.003642E-2
+3.003460E-2
+3.003284E-2
+3.003316E-2
+3.002099E-2
+3.000480E-2
+2.998320E-2
+2.995709E-2
+2.992708E-2
+2.992708E-2
