2.993364E+4
2.996277E+4
2.998762E+4
3.000899E+4
3.002512E+4
3.003794E+4
3.003836E+4
3.003979E+4
3.004111E+4
3.004132E+4
3.004223E+4
3.004302E+4
3.004370E+4
3.004405E+4
3.004448E+4
3.004487E+4
3.004509E+4
3.004552E+4
3.004611E+4
3.004654E+4
3.004690E+4
3.004717E+4
3.004640E+4
3.004761E+4
3.004764E+4
3.004760E+4
3.004828E+4
3.004765E+4
3.004781E+4
3.004788E+4
3.004799E+4
3.004830E+4
3.004844E+4
3.004869E+4
3.004822E+4
3.004787E+4
3.004735E+4
3.004761E+4
3.004669E+4
3.004463E+4
3.004420E+4
3.004401E+4
3.004340E+4
3.004269E+4
3.004208E+4
3.004095E+4
3.003986E+4
3.002944E+4
3.001414E+4
2.999483E+4
2.997073E+4
2.994269E+4
2.994197E+4
2.994046E+4
2.994223E+4
2.997028E+4
2.999422E+4
3.001418E+4
3.002907E+4
3.004019E+4
3.004168E+4
3.004002E+4
3.004145E+4
3.004255E+4
3.004268E+4
3.004364E+4
3.004422E+4
3.004452E+4
3.004503E+4
3.004490E+4
3.004517E+4
3.004562E+4
3.004520E+4
3.004570E+4
3.004619E+4
3.004605E+4
3.004599E+4
3.004592E+4
3.004589E+4
3.004545E+4
3.004597E+4
3.004476E+4
3.004496E+4
3.004513E+4
3.004445E+4
3.004441E+4
3.004483E+4
3.004327E+4
3.004309E+4
3.004235E+4
3.004181E+4
3.004158E+4
3.004109E+4
3.004066E+4
3.003958E+4
3.003821E+4
3.003737E+4
3.003642E+4
3.003460E+4
3.003284E+4
3.003316E+4
3.002099E+4
3.000480E+4
2.998320E+4
2.995709E+4
2.992708E+4
2.992708E+4
