1 , -141.00 , -4.023169E+0 , +1.000000E-6  , +2.954930E-2  , +2.954990E-2  , +2.954890E-2  , +3.346640E-7  , 2.954930E+4 , 0.01 ,  ,  ,  ,  ,  ,  , 
2 , -121.00 , -3.452507E+0 , +1.000000E-6  , +2.961548E-2  , +2.961600E-2  , +2.961470E-2  , +4.791659E-7  , 2.961548E+4 , 0.23 , +3.349500E+0  , +3.349500E-6  , -3.245119E-1 , +3.309000E+0  , +3.309000E-6  , +1.147354E-2  , 
3 , -101.00 , -2.881844E+0 , +1.000000E-6  , +2.968328E-2  , +2.968400E-2  , +2.968270E-2  , +4.400000E-7  , 2.968328E+4 , 0.46 , +3.404000E+0  , +3.404000E-6  , +1.133529E-2  , +3.390000E+0  , +3.390000E-6  , +1.156831E-2  , 
4 , -81.00 , -2.311182E+0 , +1.000000E-6  , +2.975164E-2  , +2.975220E-2  , +2.975120E-2  , +3.720215E-7  , 2.975164E+4 , 0.70 , +3.415500E+0  , +3.415500E-6  , +1.151973E-2  , +3.418000E+0  , +3.418000E-6  , +1.155139E-2  , 
5 , -61.00 , -1.740520E+0 , +1.000000E-6  , +2.981990E-2  , +2.982070E-2  , +2.981920E-2  , +5.403702E-7  , 2.981990E+4 , 0.93 , +3.437500E+0  , +3.437500E-6  , +1.155865E-2  , +3.413000E+0  , +3.413000E-6  , +1.171723E-2  , 
6 , -41.00 , -1.169858E+0 , +1.000000E-6  , +2.988914E-2  , +2.988940E-2  , +2.988890E-2  , +1.854724E-7  , 2.988914E+4 , 1.16 , +3.402952E+0  , +3.402952E-6  , +2.237122E-1  , +3.462000E+0  , +3.462000E-6  , +1.150739E-2  , 
7 , -40.00 , -1.141325E+0 , +1.000000E-6  , +2.989254E-2  , +2.989320E-2  , +2.989150E-2  , +5.678028E-7  , 2.989254E+4 , 1.17 , +3.410000E+0  , +3.410000E-6  , +1.581312E-1  , +3.400000E+0  , +3.400000E-6  , +1.160892E-2  , 
8 , -38.00 , -1.084258E+0 , +1.000000E-6  , +2.989940E-2  , +2.989970E-2  , +2.989900E-2  , +2.280351E-7  , 2.989940E+4 , 1.20 , +3.405000E+0  , +3.405000E-6  , +8.680409E-3  , +3.430000E+0  , +3.430000E-6  , +1.143970E-2  , 
9 , -36.00 , -1.027192E+0 , +1.000000E-6  , +2.990616E-2  , +2.990640E-2  , +2.990600E-2  , +1.496663E-7  , 2.990616E+4 , 1.22 , +3.920000E+0  , +3.920000E-6  , +1.152312E-2  , +3.380000E+0  , +3.380000E-6  , +1.509498E-2  , 
10 , -34.00 , -9.701258E-1 , +1.000000E-6  , +2.991508E-2  , +2.991760E-2  , +2.991370E-2  , +1.336263E-6  , 2.991508E+4 , 1.25 , +3.435000E+0  , +3.435000E-6  , +1.326597E-2  , +4.460000E+0  , +4.460000E-6  , +8.156706E-3  , 
11 , -32.00 , -9.130596E-1 , +1.000000E-6  , +2.991990E-2  , +2.992070E-2  , +2.991910E-2  , +6.542171E-7  , 2.991990E+4 , 1.26 , +2.855000E+0  , +2.855000E-6  , +1.162464E-2  , +2.410000E+0  , +2.410000E-6  , +1.116893E-2  , 
12 , -30.00 , -8.559934E-1 , +1.000000E-6  , +2.992650E-2  , +2.992710E-2  , +2.992600E-2  , +4.516636E-7  , 2.992650E+4 , 1.29 , +3.465000E+0  , +3.465000E-6  , +9.661819E-3  , +3.300000E+0  , +3.300000E-6  , +1.228583E-2  , 
13 , -28.00 , -7.989272E-1 , +1.000000E-6  , +2.993376E-2  , +2.993400E-2  , +2.993340E-2  , +2.059126E-7  , 2.993376E+4 , 1.31 , +3.585000E+0  , +3.585000E-6  , +1.172617E-2  , +3.630000E+0  , +3.630000E-6  , +1.198122E-2  , 
14 , -26.00 , -7.418609E-1 , +1.000000E-6  , +2.994084E-2  , +2.994190E-2  , +2.994000E-2  , +6.118823E-7  , 2.994084E+4 , 1.34 , +3.375000E+0  , +3.375000E-6  , +1.213227E-2  , +3.540000E+0  , +3.540000E-6  , +1.086433E-2  , 
15 , -24.00 , -6.847947E-1 , +1.000000E-6  , +2.994726E-2  , +2.994770E-2  , +2.994710E-2  , +2.244994E-7  , 2.994726E+4 , 1.36 , +3.305000E+0  , +3.305000E-6  , +1.142159E-2  , +3.210000E+0  , +3.210000E-6  , +1.150739E-2  , 
16 , -22.00 , -6.277285E-1 , +1.000000E-6  , +2.995406E-2  , +2.995490E-2  , +2.995360E-2  , +4.758151E-7  , 2.995406E+4 , 1.38 , +3.230000E+0  , +3.230000E-6  , +1.118470E-2  , +3.400000E+0  , +3.400000E-6  , +1.035665E-2  , 
17 , -20.00 , -5.706623E-1 , +1.000000E-6  , +2.996018E-2  , +2.996050E-2  , +2.996000E-2  , +1.833030E-7  , 2.996018E+4 , 1.40 , +3.480000E+0  , +3.480000E-6  , +1.093088E-2  , +3.060000E+0  , +3.060000E-6  , +1.319965E-2  , 
18 , -18.00 , -5.135960E-1 , +1.000000E-6  , +2.996798E-2  , +2.996830E-2  , +2.996740E-2  , +3.655133E-7  , 2.996798E+4 , 1.43 , +3.805000E+0  , +3.805000E-6  , +1.177693E-2  , +3.900000E+0  , +3.900000E-6  , +1.255659E-2  , 
19 , -16.00 , -4.565298E-1 , +1.000000E-6  , +2.997540E-2  , +2.997550E-2  , +2.997530E-2  , +8.944272E-8  , 2.997540E+4 , 1.45 , +3.300000E+0  , +3.300000E-6  , +1.287679E-2  , +3.710000E+0  , +3.710000E-6  , +9.781278E-3  , 
20 , -14.00 , -3.994636E-1 , +1.000000E-6  , +2.998118E-2  , +2.998270E-2  , +2.997900E-2  , +1.279687E-6  , 2.998118E+4 , 1.47 , +3.440000E+0  , +3.440000E-6  , +1.116778E-2  , +2.890000E+0  , +2.890000E-6  , +1.350426E-2  , 
21 , -12.00 , -3.423974E-1 , +1.000000E-6  , +2.998916E-2  , +2.998980E-2  , +2.998850E-2  , +4.841487E-7  , 2.998916E+4 , 1.50 , +3.730000E+0  , +3.730000E-6  , +1.164156E-2  , +3.990000E+0  , +3.990000E-6  , +1.174430E-2  , 
22 , -10.00 , -2.853311E-1 , +1.000000E-6  , +2.999610E-2  , +2.999650E-2  , +2.999560E-2  , +2.898275E-7  , 2.999610E+4 , 1.52 , +3.450000E+0  , +3.450000E-6  , +1.262297E-2  , +3.470000E+0  , +3.470000E-6  , +1.160892E-2  , 
23 , -8.00 , -2.282649E-1 , +1.000000E-6  , +3.000296E-2  , +3.000320E-2  , +3.000270E-2  , +1.624808E-7  , 3.000296E+4 , 1.55 , +3.400000E+0  , +3.400000E-6  , +1.167540E-2  , +3.430000E+0  , +3.430000E-6  , +1.140585E-2  , 
24 , -6.00 , -1.711987E-1 , +1.000000E-6  , +3.000970E-2  , +3.001010E-2  , +3.000930E-2  , +2.828427E-7  , 3.000970E+4 , 1.57 , +3.270000E+0  , +3.270000E-6  , +1.150619E-2  , +3.370000E+0  , +3.370000E-6  , +1.072895E-2  , 
25 , -4.00 , -1.141325E-1 , +1.000000E-6  , +3.001604E-2  , +3.001680E-2  , +3.001520E-2  , +5.425864E-7  , 3.001604E+4 , 1.59 , +3.420000E+0  , +3.420000E-6  , +1.106625E-2  , +3.170000E+0  , +3.170000E-6  , +1.242121E-2  , 
26 , -2.00 , -5.706623E-2 , +1.000000E-6  , +3.002338E-2  , +3.002360E-2  , +3.002320E-2  , +1.326650E-7  , 3.002338E+4 , 1.61 , +3.360000E+0  , +3.360000E-6  , +1.157388E-2  , +3.670000E+0  , +3.670000E-6  , +1.032280E-2  , 
27 , +0.00  , +0.000000E+0  , +1.000000E-6  , +3.002948E-2  , +3.003090E-2  , +3.002710E-2  , +1.265543E-6  , 3.002948E+4 , 1.64 , +3.580000E+0  , +3.580000E-6  , +1.137083E-2  , +3.050000E+0  , +3.050000E-6  , +1.391040E-2  , 
28 , +2.00  , +5.706623E-2  , +1.000000E-6  , +3.003770E-2  , +3.003800E-2  , +3.003730E-2  , +2.607681E-7  , 3.003770E+4 , 1.66 , +3.730000E+0  , +3.730000E-6  , +1.211535E-2  , +4.110000E+0  , +4.110000E-6  , +1.133816E-2  , 
29 , +4.00  , +1.141325E-1  , +1.000000E-6  , +3.004440E-2  , +3.004500E-2  , +3.004370E-2  , +5.403702E-7  , 3.004440E+4 , 1.69 , +3.415000E+0  , +3.415000E-6  , +1.262297E-2  , +3.350000E+0  , +3.350000E-6  , +1.177815E-2  , 
30 , +6.00  , +1.711987E-1  , +1.000000E-6  , +3.005136E-2  , +3.005210E-2  , +3.005060E-2  , +5.083306E-7  , 3.005136E+4 , 1.71 , +3.510000E+0  , +3.510000E-6  , +1.155696E-2  , +3.480000E+0  , +3.480000E-6  , +1.198122E-2  , 
31 , +8.00  , +2.282649E-1  , +1.000000E-6  , +3.005844E-2  , +3.005910E-2  , +3.005780E-2  , +4.882622E-7  , 3.005844E+4 , 1.73 , +3.470000E+0  , +3.470000E-6  , +1.187845E-2  , +3.540000E+0  , +3.540000E-6  , +1.150739E-2  , 
32 , +10.00  , +2.853311E-1  , +1.000000E-6  , +3.006524E-2  , +3.006620E-2  , +3.006460E-2  , +5.748043E-7  , 3.006524E+4 , 1.76 , +3.360000E+0  , +3.360000E-6  , +1.174309E-2  , +3.400000E+0  , +3.400000E-6  , +1.123662E-2  , 
33 , +12.00  , +3.423974E-1  , +1.000000E-6  , +3.007188E-2  , +3.007230E-2  , +3.007100E-2  , +4.621688E-7  , 3.007188E+4 , 1.78 , +3.290000E+0  , +3.290000E-6  , +1.137083E-2  , +3.320000E+0  , +3.320000E-6  , +1.103355E-2  , 
34 , +14.00  , +3.994636E-1  , +1.000000E-6  , +3.007840E-2  , +3.007930E-2  , +3.007770E-2  , +5.761944E-7  , 3.007840E+4 , 1.80 , +3.295000E+0  , +3.295000E-6  , +1.113394E-2  , +3.260000E+0  , +3.260000E-6  , +1.127047E-2  , 
35 , +16.00  , +4.565298E-1  , +1.000000E-6  , +3.008506E-2  , +3.008600E-2  , +3.008420E-2  , +6.974238E-7  , 3.008506E+4 , 1.82 , +3.465000E+0  , +3.465000E-6  , +1.115086E-2  , +3.330000E+0  , +3.330000E-6  , +1.218429E-2  , 
36 , +18.00  , +5.135960E-1  , +1.000000E-6  , +3.009226E-2  , +3.009370E-2  , +3.009150E-2  , +7.552483E-7  , 3.009226E+4 , 1.85 , +3.550000E+0  , +3.550000E-6  , +1.172617E-2  , +3.600000E+0  , +3.600000E-6  , +1.184584E-2  , 
37 , +20.00  , +5.706623E-1  , +1.000000E-6  , +3.009926E-2  , +3.009980E-2  , +3.009820E-2  , +5.713143E-7  , 3.009926E+4 , 1.87 , +3.425000E+0  , +3.425000E-6  , +1.201382E-2  , +3.500000E+0  , +3.500000E-6  , +1.133816E-2  , 
38 , +22.00  , +6.277285E-1  , +1.000000E-6  , +3.010596E-2  , +3.010670E-2  , +3.010510E-2  , +5.238320E-7  , 3.010596E+4 , 1.89 , +3.380000E+0  , +3.380000E-6  , +1.159080E-2  , +3.350000E+0  , +3.350000E-6  , +1.154123E-2  , 
39 , +24.00  , +6.847947E-1  , +1.000000E-6  , +3.011278E-2  , +3.011360E-2  , +3.011170E-2  , +6.615134E-7  , 3.011278E+4 , 1.92 , +3.490000E+0  , +3.490000E-6  , +1.143851E-2  , +3.410000E+0  , +3.410000E-6  , +1.208276E-2  , 
40 , +26.00  , +7.418609E-1  , +1.000000E-6  , +3.011992E-2  , +3.012110E-2  , +3.011870E-2  , +8.953212E-7  , 3.011992E+4 , 1.94 , +3.445000E+0  , +3.445000E-6  , +1.181077E-2  , +3.570000E+0  , +3.570000E-6  , +1.123662E-2  , 
41 , +28.00  , +7.989272E-1  , +1.000000E-6  , +3.012656E-2  , +3.012690E-2  , +3.012600E-2  , +4.176123E-7  , 3.012656E+4 , 1.96 , +3.360000E+0  , +3.360000E-6  , +1.165848E-2  , +3.320000E+0  , +3.320000E-6  , +1.150739E-2  , 
42 , +30.00  , +8.559934E-1  , +1.000000E-6  , +3.013336E-2  , +3.013430E-2  , +3.013220E-2  , +6.711185E-7  , 3.013336E+4 , 1.99 , +3.390000E+0  , +3.390000E-6  , +1.137083E-2  , +3.400000E+0  , +3.400000E-6  , +1.143970E-2  , 
43 , +32.00  , +9.130596E-1  , +1.000000E-6  , +3.014012E-2  , +3.014030E-2  , +3.013990E-2  , +1.469694E-7  , 3.014012E+4 , 2.01 , +3.450000E+0  , +3.450000E-6  , +1.147235E-2  , +3.380000E+0  , +3.380000E-6  , +1.191353E-2  , 
44 , +34.00  , +9.701258E-1  , +1.000000E-6  , +3.014716E-2  , +3.014770E-2  , +3.014640E-2  , +4.317407E-7  , 3.014716E+4 , 2.03 , +3.490000E+0  , +3.490000E-6  , +1.167540E-2  , +3.520000E+0  , +3.520000E-6  , +1.171046E-2  , 
45 , +36.00  , +1.027192E+0  , +1.000000E-6  , +3.015408E-2  , +3.015510E-2  , +3.015230E-2  , +1.000800E-6  , 3.015408E+4 , 2.06 , +3.640000E+0  , +3.640000E-6  , +1.181077E-2  , +3.460000E+0  , +3.460000E-6  , +1.292889E-2  , 
46 , +38.00  , +1.084258E+0  , +1.000000E-6  , +3.016172E-2  , +3.016270E-2  , +3.016100E-2  , +7.359348E-7  , 3.016172E+4 , 2.08 , +3.680000E+0  , +3.680000E-6  , +1.231840E-2  , +3.820000E+0  , +3.820000E-6  , +1.198122E-2  , 
47 , +40.00  , +1.141325E+0  , +1.000000E-6  , +3.016880E-2  , +3.017000E-2  , +3.016790E-2  , +7.823043E-7  , 3.016880E+4 , 2.11 , +3.539545E+0  , +3.539545E-6  , +1.186123E-2  , +3.540000E+0  , +3.540000E-6  , +1.196430E-2  , 
48 , +60.00  , +1.711987E+0  , +1.000000E-6  , +3.023950E-2  , +3.024040E-2  , +3.023840E-2  , +6.572671E-7  , 3.023950E+4 , 2.35 , +3.521500E+0  , +3.521500E-6  , +6.580528E-3  , +3.535000E+0  , +3.535000E-6  , +1.187292E-2  , 
49 , +80.00  , +2.282649E+0  , +1.000000E-6  , +3.030966E-2  , +3.031030E-2  , +3.030940E-2  , +3.382307E-7  , 3.030966E+4 , 2.58 , +3.502500E+0  , +3.502500E-6  , +1.191737E-2  , +3.508000E+0  , +3.508000E-6  , +1.183569E-2  , 
50 , +100.00  , +2.853311E+0  , +1.000000E-6  , +3.037960E-2  , +3.038050E-2  , +3.037840E-2  , +6.957011E-7  , 3.037960E+4 , 2.82 , +3.499500E+0  , +3.499500E-6  , +1.185307E-2  , +3.497000E+0  , +3.497000E-6  , +1.185261E-2  , 
51 , +120.00  , +3.423974E+0  , +1.000000E-6  , +3.044964E-2  , +3.045040E-2  , +3.044890E-2  , +5.238320E-7  , 3.044964E+4 , 3.06 , +3.507000E+0  , +3.507000E-6  , +1.184292E-2  , +3.502000E+0  , +3.502000E-6  , +1.188645E-2  , 
52 , +140.00  , +3.994636E+0  , +1.000000E-6  , +3.051988E-2  , +3.052160E-2  , +3.051810E-2  , +1.260793E-6  , 3.051988E+4 , 3.30 , +4.433905E+0  , +4.433905E-6  , +2.269495E-1  , +3.512000E+0  , +3.512000E-6  , +1.516267E-2  , 
53 , +141.00  , +4.023169E+0  , +1.000000E-6  , +3.052436E-2  , +3.052490E-2  , +3.052400E-2  , +3.382307E-7  , 3.052436E+4 , 3.31 ,  ,  ,  , +4.480000E+0  , +4.480000E-6  , +2.377044E-1  , 
54 , +141.00  , +4.023169E+0  , +1.000000E-6  , +3.052362E-2  , +3.052410E-2  , +3.052310E-2  , +3.249615E-7  , 3.052362E+4 , 3.31 ,  ,  ,  ,  ,  ,  , 
55 , +140.00  , +3.994636E+0  , +1.000000E-6  , +3.051980E-2  , +3.052010E-2  , +3.051900E-2  , +4.049691E-7  , 3.051980E+4 , 3.30 , +3.803952E+0  , +3.803952E-6  , +2.415817E-3  , +3.820000E+0  , +3.820000E-6  , +1.178830E-2  , 
56 , +120.00  , +3.423974E+0  , +1.000000E-6  , +3.045014E-2  , +3.045060E-2  , +3.044930E-2  , +4.800000E-7  , 3.045014E+4 , 3.06 , +3.482500E+0  , +3.482500E-6  , +6.216729E-3  , +3.483000E+0  , +3.483000E-6  , +1.178492E-2  , 
57 , +100.00  , +2.853311E+0  , +1.000000E-6  , +3.038050E-2  , +3.038130E-2  , +3.037980E-2  , +4.774935E-7  , 3.038050E+4 , 2.82 , +3.480000E+0  , +3.480000E-6  , +1.178539E-2  , +3.482000E+0  , +3.482000E-6  , +1.177138E-2  , 
58 , +80.00  , +2.282649E+0  , +1.000000E-6  , +3.031094E-2  , +3.031130E-2  , +3.031070E-2  , +1.959592E-7  , 3.031094E+4 , 2.59 , +3.473500E+0  , +3.473500E-6  , +1.177693E-2  , +3.478000E+0  , +3.478000E-6  , +1.174092E-2  , 
59 , +60.00  , +1.711987E+0  , +1.000000E-6  , +3.024156E-2  , +3.024250E-2  , +3.024090E-2  , +5.351635E-7  , 3.024156E+4 , 2.35 , +3.478500E+0  , +3.478500E-6  , +1.175493E-2  , +3.469000E+0  , +3.469000E-6  , +1.180522E-2  , 
60 , +40.00  , +1.141325E+0  , +1.000000E-6  , +3.017180E-2  , +3.017230E-2  , +3.017120E-2  , +4.604346E-7  , 3.017180E+4 , 2.12 , +3.708000E+0  , +3.708000E-6  , +1.083764E-1  , +3.488000E+0  , +3.488000E-6  , +1.262428E-2  , 
61 , +38.00  , +1.084258E+0  , +1.000000E-6  , +3.016434E-2  , +3.016480E-2  , +3.016400E-2  , +3.773592E-7  , 3.016434E+4 , 2.09 , +3.685000E+0  , +3.685000E-6  , +6.533150E-2  , +3.730000E+0  , +3.730000E-6  , +1.231967E-2  , 
62 , +36.00  , +1.027192E+0  , +1.000000E-6  , +3.015706E-2  , +3.015810E-2  , +3.015610E-2  , +7.002857E-7  , 3.015706E+4 , 2.07 , +3.660000E+0  , +3.660000E-6  , +1.247068E-2  , +3.640000E+0  , +3.640000E-6  , +1.245505E-2  , 
63 , +34.00  , +9.701258E-1  , +1.000000E-6  , +3.014970E-2  , +3.015010E-2  , +3.014940E-2  , +2.366432E-7  , 3.014970E+4 , 2.04 , +3.360000E+0  , +3.360000E-6  , +1.238608E-2  , +3.680000E+0  , +3.680000E-6  , +1.028896E-2  , 
64 , +32.00  , +9.130596E-1  , +1.000000E-6  , +3.014362E-2  , +3.014460E-2  , +3.014290E-2  , +6.177378E-7  , 3.014362E+4 , 2.02 , +3.440000E+0  , +3.440000E-6  , +1.137083E-2  , +3.040000E+0  , +3.040000E-6  , +1.299658E-2  , 
65 , +30.00  , +8.559934E-1  , +1.000000E-6  , +3.013594E-2  , +3.013610E-2  , +3.013590E-2  , +8.000000E-8  , 3.013594E+4 , 2.00 , +3.590000E+0  , +3.590000E-6  , +1.164156E-2  , +3.840000E+0  , +3.840000E-6  , +1.130431E-2  , 
66 , +28.00  , +7.989272E-1  , +1.000000E-6  , +3.012926E-2  , +3.012960E-2  , +3.012880E-2  , +2.653300E-7  , 3.012926E+4 , 1.97 , +3.395000E+0  , +3.395000E-6  , +1.214919E-2  , +3.340000E+0  , +3.340000E-6  , +1.167661E-2  , 
67 , +26.00  , +7.418609E-1  , +1.000000E-6  , +3.012236E-2  , +3.012290E-2  , +3.012200E-2  , +3.382307E-7  , 3.012236E+4 , 1.95 , +3.325000E+0  , +3.325000E-6  , +1.148927E-2  , +3.450000E+0  , +3.450000E-6  , +1.083048E-2  , 
68 , +24.00  , +6.847947E-1  , +1.000000E-6  , +3.011596E-2  , +3.011690E-2  , +3.011530E-2  , +5.986652E-7  , 3.011596E+4 , 1.93 , +3.330000E+0  , +3.330000E-6  , +1.125238E-2  , +3.200000E+0  , +3.200000E-6  , +1.171046E-2  , 
69 , +22.00  , +6.277285E-1  , +1.000000E-6  , +3.010904E-2  , +3.010960E-2  , +3.010830E-2  , +5.083306E-7  , 3.010904E+4 , 1.90 , +3.570000E+0  , +3.570000E-6  , +1.126930E-2  , +3.460000E+0  , +3.460000E-6  , +1.245505E-2  , 
70 , +20.00  , +5.706623E-1  , +1.000000E-6  , +3.010168E-2  , +3.010220E-2  , +3.010100E-2  , +5.192302E-7  , 3.010168E+4 , 1.88 , +3.685000E+0  , +3.685000E-6  , +1.208150E-2  , +3.680000E+0  , +3.680000E-6  , +1.248890E-2  , 
71 , +18.00  , +5.135960E-1  , +1.000000E-6  , +3.009430E-2  , +3.009490E-2  , +3.009390E-2  , +4.516636E-7  , 3.009430E+4 , 1.85 , +3.655000E+0  , +3.655000E-6  , +1.247068E-2  , +3.690000E+0  , +3.690000E-6  , +1.225198E-2  , 
72 , +16.00  , +4.565298E-1  , +1.000000E-6  , +3.008706E-2  , +3.008750E-2  , +3.008670E-2  , +3.006659E-7  , 3.008706E+4 , 1.83 , +3.510000E+0  , +3.510000E-6  , +1.236916E-2  , +3.620000E+0  , +3.620000E-6  , +1.150739E-2  , 
73 , +14.00  , +3.994636E-1  , +1.000000E-6  , +3.008026E-2  , +3.008080E-2  , +3.007970E-2  , +3.611094E-7  , 3.008026E+4 , 1.81 , +3.455000E+0  , +3.455000E-6  , +1.187845E-2  , +3.400000E+0  , +3.400000E-6  , +1.187968E-2  , 
74 , +12.00  , +3.423974E-1  , +1.000000E-6  , +3.007324E-2  , +3.007350E-2  , +3.007270E-2  , +2.939388E-7  , 3.007324E+4 , 1.78 , +3.280000E+0  , +3.280000E-6  , +1.169232E-2  , +3.510000E+0  , +3.510000E-6  , +1.032280E-2  , 
75 , +10.00  , +2.853311E-1  , +1.000000E-6  , +3.006714E-2  , +3.006800E-2  , +3.006590E-2  , +7.418895E-7  , 3.006714E+4 , 1.76 , +3.295000E+0  , +3.295000E-6  , +1.110009E-2  , +3.050000E+0  , +3.050000E-6  , +1.198122E-2  , 
76 , +8.00  , +2.282649E-1  , +1.000000E-6  , +3.006006E-2  , +3.006080E-2  , +3.005960E-2  , +4.715930E-7  , 3.006006E+4 , 1.74 , +3.395000E+0  , +3.395000E-6  , +1.115086E-2  , +3.540000E+0  , +3.540000E-6  , +1.099971E-2  , 
77 , +6.00  , +1.711987E-1  , +1.000000E-6  , +3.005356E-2  , +3.005390E-2  , +3.005310E-2  , +3.440930E-7  , 3.005356E+4 , 1.72 , +3.245000E+0  , +3.245000E-6  , +1.148927E-2  , +3.250000E+0  , +3.250000E-6  , +1.096586E-2  , 
78 , +4.00  , +1.141325E-1  , +1.000000E-6  , +3.004708E-2  , +3.004760E-2  , +3.004670E-2  , +3.544009E-7  , 3.004708E+4 , 1.70 , +3.520000E+0  , +3.520000E-6  , +1.098165E-2  , +3.240000E+0  , +3.240000E-6  , +1.286120E-2  , 
79 , +2.00  , +5.706623E-2  , +1.000000E-6  , +3.003948E-2  , +3.004040E-2  , +3.003820E-2  , +7.678542E-7  , 3.003948E+4 , 1.67 , +4.070000E+0  , +4.070000E-6  , +1.191230E-2  , +3.800000E+0  , +3.800000E-6  , +1.468884E-2  , 
80 , +0.00  , +0.000000E+0  , +1.000000E-6  , +3.003080E-2  , +3.003500E-2  , +3.002220E-2  , +4.557192E-6  , 3.003080E+4 , 1.64 , +3.295000E+0  , +3.295000E-6  , +1.377359E-2  , +4.340000E+0  , +4.340000E-6  , +7.615182E-3  , 
81 , -2.00 , -5.706623E-2 , +1.000000E-6  , +3.002630E-2  , +3.002730E-2  , +3.002540E-2  , +6.480741E-7  , 3.002630E+4 , 1.62 , +3.205000E+0  , +3.205000E-6  , +1.115086E-2  , +2.250000E+0  , +2.250000E-6  , +1.407963E-2  , 
82 , -4.00 , -1.141325E-1 , +1.000000E-6  , +3.001798E-2  , +3.001900E-2  , +3.001700E-2  , +7.600000E-7  , 3.001798E+4 , 1.60 , +3.715000E+0  , +3.715000E-6  , +1.084628E-2  , +4.160000E+0  , +4.160000E-6  , +1.106740E-2  , 
83 , -6.00 , -1.711987E-1 , +1.000000E-6  , +3.001144E-2  , +3.001180E-2  , +3.001120E-2  , +2.059126E-7  , 3.001144E+4 , 1.57 , +3.450000E+0  , +3.450000E-6  , +1.257221E-2  , +3.270000E+0  , +3.270000E-6  , +1.228583E-2  , 
84 , -8.00 , -2.282649E-1 , +1.000000E-6  , +3.000418E-2  , +3.000480E-2  , +3.000350E-2  , +4.833218E-7  , 3.000418E+4 , 1.55 , +3.460000E+0  , +3.460000E-6  , +1.167540E-2  , +3.630000E+0  , +3.630000E-6  , +1.113509E-2  , 
85 , -10.00 , -2.853311E-1 , +1.000000E-6  , +2.999760E-2  , +2.999840E-2  , +2.999680E-2  , +5.329165E-7  , 2.999760E+4 , 1.53 , +3.285000E+0  , +3.285000E-6  , +1.170925E-2  , +3.290000E+0  , +3.290000E-6  , +1.110124E-2  , 
86 , -12.00 , -3.423974E-1 , +1.000000E-6  , +2.999104E-2  , +2.999200E-2  , +2.999040E-2  , +5.678028E-7  , 2.999104E+4 , 1.51 , +3.405000E+0  , +3.405000E-6  , +1.111701E-2  , +3.280000E+0  , +3.280000E-6  , +1.194737E-2  , 
87 , -14.00 , -3.994636E-1 , +1.000000E-6  , +2.998398E-2  , +2.998460E-2  , +2.998320E-2  , +4.578209E-7  , 2.998398E+4 , 1.48 , +3.550000E+0  , +3.550000E-6  , +1.152312E-2  , +3.530000E+0  , +3.530000E-6  , +1.208276E-2  , 
88 , -16.00 , -4.565298E-1 , +1.000000E-6  , +2.997684E-2  , +2.997760E-2  , +2.997610E-2  , +5.425864E-7  , 2.997684E+4 , 1.46 , +3.480000E+0  , +3.480000E-6  , +1.201382E-2  , +3.570000E+0  , +3.570000E-6  , +1.147354E-2  , 
89 , -18.00 , -5.135960E-1 , +1.000000E-6  , +2.997006E-2  , +2.997090E-2  , +2.996930E-2  , +5.817216E-7  , 2.997006E+4 , 1.43 , +3.420000E+0  , +3.420000E-6  , +1.177693E-2  , +3.390000E+0  , +3.390000E-6  , +1.167661E-2  , 
90 , -20.00 , -5.706623E-1 , +1.000000E-6  , +2.996316E-2  , +2.996350E-2  , +2.996270E-2  , +3.773592E-7  , 2.996316E+4 , 1.41 , +3.425000E+0  , +3.425000E-6  , +1.157388E-2  , +3.450000E+0  , +3.450000E-6  , +1.150739E-2  , 
91 , -22.00 , -6.277285E-1 , +1.000000E-6  , +2.995636E-2  , +2.995680E-2  , +2.995590E-2  , +3.200000E-7  , 2.995636E+4 , 1.39 , +3.550000E+0  , +3.550000E-6  , +1.159080E-2  , +3.400000E+0  , +3.400000E-6  , +1.252274E-2  , 
92 , -24.00 , -6.847947E-1 , +1.000000E-6  , +2.994896E-2  , +2.994960E-2  , +2.994830E-2  , +5.161395E-7  , 2.994896E+4 , 1.36 , +3.515000E+0  , +3.515000E-6  , +1.201382E-2  , +3.700000E+0  , +3.700000E-6  , +1.127047E-2  , 
93 , -26.00 , -7.418609E-1 , +1.000000E-6  , +2.994230E-2  , +2.994250E-2  , +2.994180E-2  , +2.529822E-7  , 2.994230E+4 , 1.34 , +3.455000E+0  , +3.455000E-6  , +1.189537E-2  , +3.330000E+0  , +3.330000E-6  , +1.211660E-2  , 
94 , -28.00 , -7.989272E-1 , +1.000000E-6  , +2.993514E-2  , +2.993530E-2  , +2.993490E-2  , +1.624808E-7  , 2.993514E+4 , 1.32 , +3.450000E+0  , +3.450000E-6  , +1.169232E-2  , +3.580000E+0  , +3.580000E-6  , +1.123662E-2  , 
95 , -30.00 , -8.559934E-1 , +1.000000E-6  , +2.992850E-2  , +2.993010E-2  , +2.992730E-2  , +9.939819E-7  , 2.992850E+4 , 1.29 , +3.160000E+0  , +3.160000E-6  , +1.167540E-2  , +3.320000E+0  , +3.320000E-6  , +1.015358E-2  , 
96 , -32.00 , -9.130596E-1 , +1.000000E-6  , +2.992250E-2  , +2.992590E-2  , +2.991970E-2  , +2.036664E-6  , 2.992250E+4 , 1.27 , +3.470000E+0  , +3.470000E-6  , +1.069399E-2  , +3.000000E+0  , +3.000000E-6  , +1.333503E-2  , 
97 , -34.00 , -9.701258E-1 , +1.000000E-6  , +2.991462E-2  , +2.991590E-2  , +2.991360E-2  , +7.359348E-7  , 2.991462E+4 , 1.25 , +3.635000E+0  , +3.635000E-6  , +1.174309E-2  , +3.940000E+0  , +3.940000E-6  , +1.127047E-2  , 
98 , -36.00 , -1.027192E+0 , +1.000000E-6  , +2.990796E-2  , +2.990920E-2  , +2.990690E-2  , +8.309031E-7  , 2.990796E+4 , 1.22 , +3.515000E+0  , +3.515000E-6  , +1.230148E-2  , +3.330000E+0  , +3.330000E-6  , +1.252274E-2  , 
99 , -38.00 , -1.084258E+0 , +1.000000E-6  , +2.990056E-2  , +2.990130E-2  , +2.989990E-2  , +4.543127E-7  , 2.990056E+4 , 1.20 , +3.745000E+0  , +3.745000E-6  , +1.189537E-2  , +3.700000E+0  , +3.700000E-6  , +1.282735E-2  , 
100 , -40.00 , -1.141325E+0 , +1.000000E-6  , +2.989298E-2  , +2.989380E-2  , +2.989250E-2  , +4.621688E-7  , 2.989298E+4 , 1.17 , +3.383333E+0  , +3.383333E-6  , +2.127518E-2  , +3.790000E+0  , +3.790000E-6  , +1.076279E-2  , 
101 , -41.00 , -1.169858E+0 , +1.000000E-6  , +2.988980E-2  , +2.989020E-2  , +2.988950E-2  , +2.898275E-7  , 2.988980E+4 , 1.16 , +3.196095E+0  , +3.196095E-6  , +2.445614E-2  , +3.180000E+0  , +3.180000E-6  , +1.190676E-2  , 
102 , -61.00 , -1.740520E+0 , +1.000000E-6  , +2.981944E-2  , +2.982080E-2  , +2.981800E-2  , +1.009158E-6  , 2.981944E+4 , 0.92 , +3.460000E+0  , +3.460000E-6  , +6.221806E-3  , +3.518000E+0  , +3.518000E-6  , +1.151416E-2  , 
103 , -81.00 , -2.311182E+0 , +1.000000E-6  , +2.975140E-2  , +2.975230E-2  , +2.975040E-2  , +6.033241E-7  , 2.975140E+4 , 0.69 , +3.435500E+0  , +3.435500E-6  , +1.170925E-2  , +3.402000E+0  , +3.402000E-6  , +1.174092E-2  , 
104 , -101.00 , -2.881844E+0 , +1.000000E-6  , +2.968202E-2  , +2.968300E-2  , +2.968170E-2  , +4.915282E-7  , 2.968202E+4 , 0.46 , +3.441500E+0  , +3.441500E-6  , +1.162633E-2  , +3.469000E+0  , +3.469000E-6  , +1.155477E-2  , 
105 , -121.00 , -3.452507E+0 , +1.000000E-6  , +2.961374E-2  , +2.961380E-2  , +2.961360E-2  , +8.000000E-8  , 2.961374E+4 , 0.23 , +3.394500E+0  , +3.394500E-6  , +1.148877E-2  , +3.414000E+0  , +3.414000E-6  , +1.142277E-2  , 
106 , -141.00 , -4.023169E+0 , +1.000000E-6  , +2.954624E-2  , +2.954700E-2  , +2.954520E-2  , +6.858571E-7  , 2.954624E+4 , 0.00 ,  ,  ,  , +3.375000E+0  , +3.375000E-6  , +1.142277E-2  , 
107 , -141.00 , -4.023169E+0 , +1.000000E-6  , +2.954624E-2  , +2.954700E-2  , +2.954520E-2  , +6.858571E-7  , 2.954624E+4 , 0.00 ,  ,  ,  ,  ,  ,  , 
