
+1.059227E-3
+2.356717E-3
+3.074065E-3
+4.197056E-3
+1.568976E-1
+1.122100E-1
+7.261727E-3
+9.889157E-3
+1.420748E-2
+1.748394E-2
+1.865959E-2
+1.959613E-2
+2.129841E-2
+2.517835E-2
+2.895582E-2
+3.045029E-2
+3.476861E-2
+4.231216E-2
+5.635738E-2
+7.855532E-2
+1.108274E-1
+1.448189E-1
+1.649502E-1
+1.730631E-1
+1.753518E-1
+1.712754E-1
+1.690095E-1
+1.701681E-1
+1.704926E-1
+1.676118E-1
+1.686395E-1
+1.676374E-1
+1.580586E-1
+1.509591E-1
+1.394872E-1
+1.177874E-1
+8.121406E-2
+4.569963E-2
+2.660166E-2
+1.406800E-2
+2.758375E-3
+5.636307E-4
+1.036170E-3
+1.440390E-3
+6.598465E-3
+7.628009E-3
+1.018236E-3
+5.889656E-4
-4.039353E-4
-1.460316E-3
-6.394964E-2


-2.409596E-3
-1.778568E-3
-2.454356E-3
-1.315138E-3
-5.644847E-4
+1.551822E-3
+1.426157E-3
+3.156901E-3
+2.257370E-3
+1.474549E-3
+4.617217E-3
+7.036844E-3
+7.808278E-3
+1.092248E-2
+1.848880E-2
+3.006884E-2
+5.456685E-2
+8.610740E-2
+1.166260E-1
+1.424078E-1
+1.562538E-1
+1.680844E-1
+1.733848E-1
+1.691974E-1
+1.687334E-1
+1.686821E-1
+1.660120E-1
+1.682495E-1
+1.729578E-1
+1.747682E-1
+1.755824E-1
+1.638372E-1
+1.349668E-1
+9.868662E-2
+6.830749E-2
+5.026846E-2
+4.133577E-2
+3.690073E-2
+2.994929E-2
+2.467450E-2
+2.142651E-2
+2.030779E-2
+1.942249E-2
+1.752948E-2
+1.439820E-2
+2.383949E-2
+2.904276E-2
+4.946856E-3
+6.976780E-3
+4.220399E-3
+2.609576E-3


