
+2.595341E-3
+3.553647E-3
+4.841638E-3
+8.226172E-3
+1.526001E-2
+6.895476E-3
+1.288560E-2
+1.553333E-2
+1.943943E-2
+1.788496E-2
+2.131277E-2
+2.128999E-2
+2.907374E-2
+2.884598E-2
+3.206311E-2
+3.748383E-2
+4.715230E-2
+6.557820E-2
+9.155438E-2
+1.301315E-1
+1.595468E-1
+1.703997E-1
+1.757748E-1
+1.749777E-1
+1.676210E-1
+1.704452E-1
+1.699385E-1
+1.710943E-1
+1.641761E-1
+1.731499E-1
+1.621718E-1
+1.539895E-1
+1.479709E-1
+1.310425E-1
+1.045652E-1
+5.788555E-2
+3.352647E-2
+1.968428E-2
+8.455641E-3
-2.938122E-3
+4.065541E-3
-1.992912E-3
+4.874094E-3
+8.324678E-3
+6.730349E-3
+1.363721E-3
-1.856255E-4
-6.223580E-4
-2.298682E-3
-3.352078E-3
-1.145640E-2
-6.703220E-2

-3.284319E-3
-1.625077E-3
-1.005566E-3
-1.235605E-4
+1.719598E-4
+1.133113E-3
+5.181571E-3
-6.662020E-4
+3.615712E-3
+5.620012E-3
+8.455641E-3
+7.163095E-3
+1.468491E-2
+2.229784E-2
+3.784825E-2
+7.130070E-2
+1.009381E-1
+1.323464E-1
+1.525090E-1
+1.600422E-1
+1.761734E-1
+1.706445E-1
+1.677975E-1
+1.697164E-1
+1.676950E-1
+1.643754E-1
+1.721705E-1
+1.737933E-1
+1.757919E-1
+1.754218E-1
+1.522983E-1
+1.176729E-1
+7.972787E-2
+5.690618E-2
+4.364477E-2
+3.903830E-2
+3.477347E-2
+2.513347E-2
+2.422242E-2
+1.863657E-2
+2.198467E-2
+1.686573E-2
+1.819813E-2
+1.060229E-2
+1.523154E-2
+1.442868E-2
+9.173659E-3
+4.781850E-3
+3.660125E-3
+2.876057E-3
+2.343095E-3
+2.343095E-3

