
+4.139500E-7
+5.399500E-7
+7.372000E-7
+1.147500E-6
+2.621176E-6
+2.190333E-6
+1.737000E-6
+2.495500E-6
+3.071000E-6
+3.277500E-6
+3.442000E-6
+3.741000E-6
+4.422500E-6
+5.086000E-6
+5.348500E-6
+6.107000E-6
+7.432000E-6
+9.899000E-6
+1.379800E-5
+1.946650E-5
+2.543700E-5
+2.897300E-5
+3.039800E-5
+3.080000E-5
+3.008400E-5
+2.968600E-5
+2.988950E-5
+2.994650E-5
+2.944050E-5
+2.962100E-5
+2.944500E-5
+2.776250E-5
+2.651550E-5
+2.450050E-5
+2.068900E-5
+1.426500E-5
+8.027000E-6
+4.672500E-6
+2.471000E-6
+4.845000E-7
+9.900000E-8
+1.820000E-7
+2.530000E-7
+1.159000E-6
+1.322000E-6
+1.096318E-6
+1.034500E-7
-7.095000E-8
-2.565000E-7
-4.962000E-7
-1.944224E-6


-9.417524E-7
-4.311000E-7
-2.310000E-7
-9.915000E-8
+4.250000E-9
+1.836545E-7
+5.545000E-7
+3.965000E-7
+2.590000E-7
+8.110000E-7
+1.236000E-6
+1.371500E-6
+1.918500E-6
+3.247500E-6
+5.281500E-6
+9.584500E-6
+1.512450E-5
+2.048500E-5
+2.501350E-5
+2.744550E-5
+2.952350E-5
+3.045450E-5
+2.971900E-5
+2.963750E-5
+2.962850E-5
+2.915950E-5
+2.955250E-5
+3.037950E-5
+3.069750E-5
+3.084050E-5
+2.877750E-5
+2.370650E-5
+1.733400E-5
+1.199800E-5
+8.829500E-6
+7.260500E-6
+6.481500E-6
+5.260500E-6
+4.334000E-6
+3.763500E-6
+3.567000E-6
+3.411500E-6
+3.079000E-6
+2.529000E-6
+2.268500E-6
+2.581000E-6
+2.490052E-6
+1.225450E-6
+7.413000E-7
+5.739500E-7
+4.583000E-7


