
+3.721000E-7
+4.558000E-7
+6.241000E-7
+8.503000E-7
+1.444700E-6
+2.680000E-6
+1.211000E-6
+2.263000E-6
+2.728000E-6
+3.414000E-6
+3.141000E-6
+3.743000E-6
+3.739000E-6
+5.106000E-6
+5.066000E-6
+5.631000E-6
+6.583000E-6
+8.281000E-6
+1.151700E-5
+1.607900E-5
+2.285400E-5
+2.802000E-5
+2.992600E-5
+3.087000E-5
+3.073000E-5
+2.943800E-5
+2.993400E-5
+2.984500E-5
+3.004800E-5
+2.883300E-5
+3.040900E-5
+2.848100E-5
+2.704400E-5
+2.598700E-5
+2.301400E-5
+1.836400E-5
+1.016600E-5
+5.888000E-6
+3.457000E-6
+1.485000E-6
-5.160000E-7
+7.140000E-7
-3.500000E-7
+8.560000E-7
+1.462000E-6
+1.182000E-6
+2.395000E-7
-3.260000E-8
-1.093000E-7
-4.037000E-7
-5.887000E-7
-2.012000E-6

-9.600000E-7
-5.768000E-7
-2.854000E-7
-1.766000E-7
-2.170000E-8
+3.020000E-8
+1.990000E-7
+9.100000E-7
-1.170000E-7
+6.350000E-7
+9.870000E-7
+1.485000E-6
+1.258000E-6
+2.579000E-6
+3.916000E-6
+6.647000E-6
+1.252200E-5
+1.772700E-5
+2.324300E-5
+2.678400E-5
+2.810700E-5
+3.094000E-5
+2.996900E-5
+2.946900E-5
+2.980600E-5
+2.945100E-5
+2.886800E-5
+3.023700E-5
+3.052200E-5
+3.087300E-5
+3.080800E-5
+2.674700E-5
+2.066600E-5
+1.400200E-5
+9.994000E-6
+7.665000E-6
+6.856000E-6
+6.107000E-6
+4.414000E-6
+4.254000E-6
+3.273000E-6
+3.861000E-6
+2.962000E-6
+3.196000E-6
+1.862000E-6
+2.675000E-6
+2.534000E-6
+1.611100E-6
+8.398000E-7
+6.428000E-7
+5.051000E-7
+4.115000E-7

