1.756469E+4
1.757213E+4
1.758125E+4
1.759373E+4
1.761074E+4
1.763963E+4
1.764231E+4
1.764473E+4
1.764926E+4
1.765472E+4
1.766154E+4
1.766783E+4
1.767531E+4
1.768279E+4
1.769300E+4
1.770313E+4
1.771440E+4
1.772756E+4
1.774412E+4
1.776716E+4
1.779932E+4
1.784502E+4
1.790106E+4
1.796092E+4
1.802266E+4
1.808412E+4
1.814299E+4
1.820286E+4
1.826255E+4
1.832265E+4
1.838031E+4
1.844113E+4
1.849809E+4
1.855218E+4
1.860415E+4
1.865018E+4
1.868691E+4
1.870724E+4
1.871902E+4
1.872593E+4
1.872890E+4
1.872787E+4
1.872930E+4
1.872860E+4
1.873031E+4
1.873323E+4
1.873560E+4
1.874039E+4
1.873974E+4
1.873755E+4
1.872948E+4
1.871770E+4
1.871569E+4
1.871613E+4
1.871709E+4
1.872863E+4
1.873434E+4
1.873787E+4
1.873830E+4
1.873770E+4
1.873730E+4
1.873548E+4
1.873571E+4
1.873444E+4
1.873247E+4
1.872950E+4
1.872698E+4
1.872183E+4
1.871399E+4
1.870070E+4
1.867566E+4
1.864020E+4
1.859372E+4
1.854015E+4
1.848393E+4
1.842205E+4
1.836212E+4
1.830318E+4
1.824357E+4
1.818466E+4
1.812693E+4
1.806645E+4
1.800541E+4
1.794366E+4
1.788205E+4
1.782855E+4
1.778722E+4
1.775922E+4
1.773923E+4
1.772390E+4
1.771019E+4
1.769797E+4
1.768915E+4
1.768064E+4
1.767409E+4
1.766637E+4
1.766045E+4
1.765405E+4
1.765033E+4
1.764498E+4
1.764245E+4
1.761022E+4
1.759343E+4
1.758057E+4
1.757047E+4
1.756224E+4
1.756224E+4
