
+2.432714E-3
+4.507804E-3
+3.860539E-3
+3.132095E-3
+4.091689E-2
+2.878589E-2
+1.548425E-3
+2.295077E-3
+1.274486E-3
+9.370727E-4
+1.424818E-3
+1.231056E-3
+8.568954E-4
+6.464299E-4
+6.815074E-4
+5.094602E-4
+5.495489E-4
+8.552250E-4
+8.468732E-4
+6.564520E-4
+5.261638E-4
-4.159200E-4
+3.691499E-4
+1.040635E-3
-1.169253E-5
+5.278342E-4
+4.342940E-5
-3.908646E-4
+1.920916E-4
+1.536732E-4
+3.507759E-4
+3.724906E-4
+3.240501E-4
-1.854101E-4
-6.848482E-4
-7.249368E-4
-2.104655E-4
-5.528896E-4
-2.493850E-3
-2.074589E-3
-5.128009E-4
-6.731556E-4
-1.107450E-3
-1.095757E-3
-1.454885E-3
-1.744586E-3
-9.611259E-4
-2.148085E-3
-2.890226E-3
-3.625686E-3
-8.939858E-2


+4.809241E-3
-2.490509E-3
-4.342104E-3
-3.666944E-3
-2.910271E-3
-1.711795E-2
-1.052829E-2
+1.419807E-4
+1.870805E-4
-2.111337E-3
-1.022261E-3
-9.070062E-4
-1.291189E-3
-7.382997E-4
-6.731556E-4
-3.123576E-4
-1.185957E-4
-6.030005E-4
-2.338506E-5
-7.182554E-5
-8.301696E-4
-2.856318E-4
+1.670361E-4
+1.085735E-4
+8.518843E-5
+3.858535E-4
-7.015518E-5
+5.812858E-4
+8.468732E-4
-3.090169E-4
+4.259422E-4
+6.013301E-4
-3.140279E-4
+9.487653E-4
+1.451544E-3
+7.700366E-4
+1.065691E-3
+6.397484E-4
+6.030005E-4
+7.750477E-4
+1.262793E-3
+2.044522E-3
+1.842409E-3
+1.493303E-3
+2.316791E-3
+4.934248E-3
+5.597095E-3
+9.895221E-4
+2.369074E-3
+3.156148E-3
+4.687727E-3


