
+1.456400E-6
+1.242300E-6
+1.068900E-6
+8.062000E-7
+6.410000E-7
+4.200000E-7
+7.170000E-7
+6.570000E-7
+1.060000E-7
+4.550000E-7
+3.980000E-7
+3.390000E-7
+1.740000E-7
+2.130000E-7
+1.950000E-7
+1.100000E-7
+2.190000E-7
+2.930000E-7
+2.140000E-7
+1.790000E-7
+1.360000E-7
-3.850000E-7
+6.060000E-7
+1.700000E-8
-2.400000E-8
+3.400000E-7
-3.140000E-7
+8.000000E-8
+3.500000E-8
+5.700000E-8
+1.530000E-7
+7.000000E-8
+1.240000E-7
-2.350000E-7
-1.750000E-7
-2.590000E-7
+1.330000E-7
-4.640000E-7
-1.029000E-6
-2.130000E-7
-9.400000E-8
-3.090000E-7
-3.540000E-7
-3.020000E-7
-5.690000E-7
-5.440000E-7
-5.210000E-7
-7.650000E-7
-9.653000E-7
-1.205300E-6
-1.401900E-6
-7.140000E-7

-1.776000E-6
-1.402200E-6
-1.197300E-6
-9.980000E-7
-7.443000E-7
-5.562000E-7
-7.410000E-7
+8.260000E-7
-7.140000E-7
-5.500000E-7
-6.200000E-8
-4.810000E-7
-2.920000E-7
-1.500000E-7
-2.530000E-7
+6.600000E-8
-1.370000E-7
-2.240000E-7
+2.100000E-7
-2.530000E-7
-2.440000E-7
+7.300000E-8
+2.700000E-8
+3.800000E-8
+1.300000E-8
+2.180000E-7
-2.600000E-7
+6.080000E-7
-1.010000E-7
-8.400000E-8
+3.390000E-7
+2.100000E-8
-2.090000E-7
+7.770000E-7
+9.200000E-8
+3.690000E-7
+2.690000E-7
+1.140000E-7
+2.470000E-7
+2.170000E-7
+5.390000E-7
+6.850000E-7
+4.180000E-7
+4.760000E-7
+9.110000E-7
+8.800000E-7
-3.260000E-7
+6.087000E-7
+8.096000E-7
+1.079900E-6
+1.305400E-6
+1.500400E-6

