
+1.349350E-6
+1.155600E-6
+9.375500E-7
+7.236000E-7
+4.305238E-7
+5.190000E-7
+6.870000E-7
+3.815000E-7
+2.805000E-7
+4.265000E-7
+3.685000E-7
+2.565000E-7
+1.935000E-7
+2.040000E-7
+1.525000E-7
+1.645000E-7
+2.560000E-7
+2.535000E-7
+1.965000E-7
+1.575000E-7
-1.245000E-7
+1.105000E-7
+3.115000E-7
-3.500000E-9
+1.580000E-7
+1.300000E-8
-1.170000E-7
+5.750000E-8
+4.600000E-8
+1.050000E-7
+1.115000E-7
+9.700000E-8
-5.550000E-8
-2.050000E-7
-2.170000E-7
-6.300000E-8
-1.655000E-7
-7.465000E-7
-6.210000E-7
-1.535000E-7
-2.015000E-7
-3.315000E-7
-3.280000E-7
-4.355000E-7
-5.565000E-7
-5.419091E-7
-6.430000E-7
-8.651500E-7
-1.085300E-6
-1.303600E-6
-7.467571E-7


-1.758200E-6
-1.299750E-6
-1.097650E-6
-8.711500E-7
-6.502500E-7
-7.242000E-7
+4.250000E-8
+5.600000E-8
-6.320000E-7
-3.060000E-7
-2.715000E-7
-3.865000E-7
-2.210000E-7
-2.015000E-7
-9.350000E-8
-3.550000E-8
-1.805000E-7
-7.000000E-9
-2.150000E-8
-2.485000E-7
-8.550000E-8
+5.000000E-8
+3.250000E-8
+2.550000E-8
+1.155000E-7
-2.100000E-8
+1.740000E-7
+2.535000E-7
-9.250000E-8
+1.275000E-7
+1.800000E-7
-9.400000E-8
+2.840000E-7
+4.345000E-7
+2.305000E-7
+3.190000E-7
+1.915000E-7
+1.805000E-7
+2.320000E-7
+3.780000E-7
+6.120000E-7
+5.515000E-7
+4.470000E-7
+6.935000E-7
+8.955000E-7
+7.600000E-8
-2.814905E-7
+7.091500E-7
+9.447500E-7
+1.192650E-6
+1.402900E-6


