0.02
0.12
0.20
0.27
0.33
0.37
0.37
0.38
0.38
0.38
0.38
0.39
0.39
0.39
0.39
0.39
0.39
0.40
0.40
0.40
0.40
0.40
0.40
0.40
0.40
0.40
0.40
0.40
0.40
0.40
0.40
0.41
0.41
0.41
0.40
0.40
0.40
0.40
0.40
0.39
0.39
0.39
0.39
0.39
0.38
0.38
0.38
0.34
0.29
0.23
0.15
0.05
0.05
0.04
0.05
0.14
0.22
0.29
0.34
0.38
0.38
0.38
0.38
0.39
0.39
0.39
0.39
0.39
0.39
0.39
0.39
0.40
0.39
0.40
0.40
0.40
0.40
0.40
0.40
0.40
0.40
0.39
0.39
0.39
0.39
0.39
0.39
0.39
0.39
0.39
0.38
0.38
0.38
0.38
0.38
0.37
0.37
0.37
0.36
0.35
0.35
0.31
0.26
0.19
0.10
0.00
0.00
