+2.993419E-2
+2.996328E-2
+2.998811E-2
+3.000948E-2
+3.002570E-2
+3.003836E-2
+3.003871E-2
+3.004019E-2
+3.004147E-2
+3.004170E-2
+3.004373E-2
+3.004355E-2
+3.004405E-2
+3.004456E-2
+3.004523E-2
+3.004587E-2
+3.004587E-2
+3.004635E-2
+3.004652E-2
+3.004723E-2
+3.004725E-2
+3.004805E-2
+3.004679E-2
+3.004876E-2
+3.004774E-2
+3.004876E-2
+3.005032E-2
+3.004807E-2
+3.004803E-2
+3.004801E-2
+3.004866E-2
+3.004878E-2
+3.004888E-2
+3.004911E-2
+3.004844E-2
+3.004857E-2
+3.004926E-2
+3.004827E-2
+3.004725E-2
+3.004590E-2
+3.004429E-2
+3.004432E-2
+3.004369E-2
+3.004290E-2
+3.004235E-2
+3.004150E-2
+3.004103E-2
+3.003028E-2
+3.001430E-2
+2.999534E-2
+2.997093E-2
+2.994354E-2
+2.994309E-2
+2.994291E-2
+2.994255E-2
+2.997063E-2
+2.999467E-2
+3.001445E-2
+3.002930E-2
+3.004054E-2
+3.004348E-2
+3.004140E-2
+3.004172E-2
+3.004342E-2
+3.004297E-2
+3.004397E-2
+3.004439E-2
+3.004470E-2
+3.004568E-2
+3.004531E-2
+3.004535E-2
+3.004610E-2
+3.004535E-2
+3.004580E-2
+3.004671E-2
+3.004616E-2
+3.004624E-2
+3.004623E-2
+3.004620E-2
+3.004628E-2
+3.004863E-2
+3.004524E-2
+3.004641E-2
+3.004709E-2
+3.004545E-2
+3.004516E-2
+3.004637E-2
+3.004377E-2
+3.004398E-2
+3.004317E-2
+3.004260E-2
+3.004243E-2
+3.004175E-2
+3.004122E-2
+3.004024E-2
+3.003901E-2
+3.003793E-2
+3.003735E-2
+3.003588E-2
+3.003344E-2
+3.003454E-2
+3.002152E-2
+3.000550E-2
+2.998416E-2
+2.995754E-2
+2.992773E-2
+2.992773E-2
