+2.993287E-2
+2.996226E-2
+2.998727E-2
+3.000852E-2
+3.002460E-2
+3.003738E-2
+3.003791E-2
+3.003933E-2
+3.004059E-2
+3.004096E-2
+3.003960E-2
+3.004265E-2
+3.004348E-2
+3.004343E-2
+3.004395E-2
+3.004423E-2
+3.004380E-2
+3.004491E-2
+3.004570E-2
+3.004596E-2
+3.004653E-2
+3.004591E-2
+3.004587E-2
+3.004685E-2
+3.004758E-2
+3.004686E-2
+3.004691E-2
+3.004719E-2
+3.004757E-2
+3.004761E-2
+3.004757E-2
+3.004792E-2
+3.004768E-2
+3.004783E-2
+3.004807E-2
+3.004755E-2
+3.004590E-2
+3.004711E-2
+3.004618E-2
+3.004361E-2
+3.004410E-2
+3.004358E-2
+3.004315E-2
+3.004240E-2
+3.004175E-2
+3.004061E-2
+3.003896E-2
+3.002904E-2
+3.001381E-2
+2.999377E-2
+2.997051E-2
+2.994225E-2
+2.994113E-2
+2.993897E-2
+2.994186E-2
+2.996973E-2
+2.999387E-2
+3.001380E-2
+3.002883E-2
+3.003942E-2
+3.004072E-2
+3.003810E-2
+3.004118E-2
+3.004202E-2
+3.004219E-2
+3.004334E-2
+3.004390E-2
+3.004438E-2
+3.004463E-2
+3.004455E-2
+3.004497E-2
+3.004509E-2
+3.004497E-2
+3.004556E-2
+3.004570E-2
+3.004595E-2
+3.004580E-2
+3.004545E-2
+3.004532E-2
+3.004469E-2
+3.004365E-2
+3.004398E-2
+3.004424E-2
+3.004124E-2
+3.004391E-2
+3.004380E-2
+3.004406E-2
+3.004280E-2
+3.004251E-2
+3.004149E-2
+3.004109E-2
+3.004106E-2
+3.004037E-2
+3.004026E-2
+3.003914E-2
+3.003730E-2
+3.003664E-2
+3.003554E-2
+3.003379E-2
+3.003199E-2
+3.003091E-2
+3.002015E-2
+3.000319E-2
+2.998264E-2
+2.995661E-2
+2.992668E-2
+2.992668E-2
