+4.741898E-7
+3.281463E-7
+3.225275E-7
+3.048672E-7
+3.825389E-7
+3.262147E-7
+3.079221E-7
+2.832949E-7
+3.623037E-7
+3.105093E-7
+1.393204E-6
+3.916938E-7
+2.011368E-7
+4.258169E-7
+4.465691E-7
+5.651407E-7
+6.932417E-7
+4.925688E-7
+2.720294E-7
+4.189224E-7
+2.720000E-7
+7.325135E-7
+3.206493E-7
+6.445774E-7
+5.571355E-8
+6.826595E-7
+1.219534E-6
+3.088948E-7
+1.723253E-7
+1.462053E-7
+4.354951E-7
+2.849842E-7
+4.233863E-7
+4.929341E-7
+1.440278E-7
+3.629105E-7
+1.099589E-6
+4.013278E-7
+3.593661E-7
+8.672116E-7
+8.034924E-8
+2.808273E-7
+2.149977E-7
+1.874460E-7
+2.227644E-7
+3.143628E-7
+6.646021E-7
+4.471420E-7
+1.817031E-7
+6.172649E-7
+1.382172E-7
+4.592777E-7
+6.906403E-7
+1.341677E-6
+2.807561E-7
+3.277438E-7
+3.006393E-7
+2.425366E-7
+1.774260E-7
+4.032171E-7
+1.019031E-6
+1.081140E-6
+2.108459E-7
+5.001360E-7
+3.096837E-7
+2.631653E-7
+1.810414E-7
+1.092520E-7
+4.773007E-7
+2.690427E-7
+1.469694E-7
+3.782274E-7
+1.251239E-7
+8.522910E-8
+3.258466E-7
+6.800000E-8
+1.521052E-7
+2.762318E-7
+3.786291E-7
+5.034918E-7
+1.635000E-6
+4.359082E-7
+7.678281E-7
+2.050360E-6
+5.581398E-7
+5.108190E-7
+8.220608E-7
+3.354042E-7
+5.511225E-7
+5.384051E-7
+6.005131E-7
+4.926906E-7
+5.072672E-7
+3.170237E-7
+3.968073E-7
+5.895558E-7
+4.297627E-7
+6.317594E-7
+7.832599E-7
+6.738665E-7
+1.215954E-6
+5.346775E-7
+8.225910E-7
+5.308484E-7
+3.926016E-7
+3.511467E-7
+3.511467E-7
