#Curvas teoricas para data.dat
0.0021775 8.185810e-01 8.185810e-01 
0.00219526 8.252566e-01 8.252566e-01 
0.00221302 8.319321e-01 8.319321e-01 
0.00223077 8.386077e-01 8.386077e-01 
0.00224853 8.452833e-01 8.452833e-01 
0.00226629 8.519588e-01 8.519588e-01 
0.00228405 8.586344e-01 8.586344e-01 
0.0023018 8.653099e-01 8.653099e-01 
0.00231956 8.719855e-01 8.719855e-01 
0.00233732 8.786610e-01 8.786610e-01 
0.00235508 8.853366e-01 8.853366e-01 
0.00237283 8.920121e-01 8.920121e-01 
0.00239059 8.986877e-01 8.986877e-01 
0.00240835 9.053632e-01 9.053632e-01 
0.00242611 9.120388e-01 9.120388e-01 
0.00244386 9.187143e-01 9.187143e-01 
0.00246162 9.253899e-01 9.253899e-01 
0.00247938 9.320654e-01 9.320654e-01 
0.00249714 9.387410e-01 9.387410e-01 
0.00251489 9.454165e-01 9.454165e-01 
0.00253265 9.520921e-01 9.520921e-01 
0.00255041 9.587676e-01 9.587676e-01 
0.00256817 9.654432e-01 9.654432e-01 
0.00258592 9.721187e-01 9.721187e-01 
0.00260368 9.787943e-01 9.787943e-01 
0.00262144 9.854698e-01 9.854698e-01 
0.0026392 9.921454e-01 9.921454e-01 
0.00265695 9.988210e-01 9.988210e-01 
0.00267471 1.005497e+00 1.005497e+00 
0.00269247 1.012172e+00 1.012172e+00 
0.00271023 1.018848e+00 1.018848e+00 
0.00272798 1.025523e+00 1.025523e+00 
0.00274574 1.032199e+00 1.032199e+00 
0.0027635 1.038874e+00 1.038874e+00 
0.00278126 1.045550e+00 1.045550e+00 
0.00279902 1.052225e+00 1.052225e+00 
0.00281677 1.058901e+00 1.058901e+00 
0.00283453 1.065576e+00 1.065576e+00 
0.00285229 1.072252e+00 1.072252e+00 
0.00287005 1.078928e+00 1.078928e+00 
0.0028878 1.085603e+00 1.085603e+00 
0.00290556 1.092279e+00 1.092279e+00 
0.00292332 1.098954e+00 1.098954e+00 
0.00294108 1.105630e+00 1.105630e+00 
0.00295883 1.112305e+00 1.112305e+00 
0.00297659 1.118981e+00 1.118981e+00 
0.00299435 1.125656e+00 1.125656e+00 
0.00301211 1.132332e+00 1.132332e+00 
0.00302986 1.139008e+00 1.139008e+00 
0.00304762 1.145683e+00 1.145683e+00 
0.00306538 1.152359e+00 1.152359e+00 
0.00308314 1.159034e+00 1.159034e+00 
0.00310089 1.165710e+00 1.165710e+00 
0.00311865 1.172385e+00 1.172385e+00 
0.00313641 1.179061e+00 1.179061e+00 
0.00315417 1.185736e+00 1.185736e+00 
0.00317192 1.192412e+00 1.192412e+00 
0.00318968 1.199088e+00 1.199088e+00 
0.00320744 1.205763e+00 1.205763e+00 
0.0032252 1.212439e+00 1.212439e+00 
0.00324295 1.219114e+00 1.219114e+00 
0.00326071 1.225790e+00 1.225790e+00 
0.00327847 1.232465e+00 1.232465e+00 
0.00329623 1.239141e+00 1.239141e+00 
0.00331398 1.245816e+00 1.245816e+00 
0.00333174 1.252492e+00 1.252492e+00 
0.0033495 1.259167e+00 1.259167e+00 
0.00336726 1.265843e+00 1.265843e+00 
0.00338502 1.272519e+00 1.272519e+00 
0.00340277 1.279194e+00 1.279194e+00 
0.00342053 1.285870e+00 1.285870e+00 
0.00343829 1.292545e+00 1.292545e+00 
0.00345605 1.299221e+00 1.299221e+00 
0.0034738 1.305896e+00 1.305896e+00 
0.00349156 1.312572e+00 1.312572e+00 
0.00350932 1.319247e+00 1.319247e+00 
0.00352708 1.325923e+00 1.325923e+00 
0.00354483 1.332599e+00 1.332599e+00 
0.00356259 1.339274e+00 1.339274e+00 
0.00358035 1.345950e+00 1.345950e+00 
0.00359811 1.352625e+00 1.352625e+00 
0.00361586 1.359301e+00 1.359301e+00 
0.00363362 1.365976e+00 1.365976e+00 
0.00365138 1.372652e+00 1.372652e+00 
0.00366914 1.379327e+00 1.379327e+00 
0.00368689 1.386003e+00 1.386003e+00 
0.00370465 1.392679e+00 1.392679e+00 
0.00372241 1.399354e+00 1.399354e+00 
0.00374017 1.406030e+00 1.406030e+00 
0.00375792 1.412705e+00 1.412705e+00 
0.00377568 1.419381e+00 1.419381e+00 
0.00379344 1.426056e+00 1.426056e+00 
0.0038112 1.432732e+00 1.432732e+00 
0.00382895 1.439407e+00 1.439407e+00 
0.00384671 1.446083e+00 1.446083e+00 
0.00386447 1.452758e+00 1.452758e+00 
0.00388223 1.459434e+00 1.459434e+00 
0.00389998 1.466110e+00 1.466110e+00 
0.00391774 1.472785e+00 1.472785e+00 
0.0039355 1.479461e+00 1.479461e+00 
