
-1.425476E-3
-4.429747E-3
-1.713813E-3
-1.068978E-4
+1.935435E-2
+1.433733E-2
-2.484632E-2
-3.094287E-2
+7.152520E-2
+3.026420E-2
-5.463890E-2
-1.888781E-2
-3.105790E-4
-1.874977E-3
+2.312088E-3
+4.342355E-2
+5.567416E-3
-3.912145E-2
-2.392426E-2
-7.366324E-2
-3.237818E-2
+3.456745E-5
+4.279451E-2
+3.296583E-2
-5.346433E-3
-1.235210E-2
-1.204100E-2
-1.008217E-2
-7.639407E-3
+4.908578E-2
-7.230551E-2
-8.624323E-2
-1.645018E-2
-6.483169E-2
-4.419026E-3
-4.522867E-3
+1.986831E-2
+4.407488E-3
-1.934910E-2
-4.604385E-3
-2.260758E-2
-1.398253E-2
-1.278172E-2
-3.348462E-4
-4.253702E-2
+1.281193E-2
-3.576548E-3
-2.718098E-3
-4.204358E-3
-5.206538E-3
-1.328713E-2


+2.286843E-2
+1.650487E-3
-1.756034E-3
-3.059721E-3
-2.833548E-3
-4.300333E-2
-1.520582E-2
+1.744436E-2
+7.863878E-3
-3.393762E-2
-2.874143E-2
-6.634422E-3
-4.337892E-3
+1.119269E-2
+6.738810E-3
-6.727212E-3
-8.582994E-3
+4.253222E-2
-9.870443E-3
-5.032650E-2
+1.948572E-3
-1.391837E-4
-3.450596E-2
-1.616851E-2
+6.599627E-2
+2.482109E-3
-9.691824E-2
-4.264820E-2
-1.948572E-3
+3.144391E-2
-1.009082E-3
-3.000568E-2
+1.099551E-2
-1.178422E-2
+3.222102E-2
+5.522113E-2
-2.110953E-3
-5.237946E-2
-3.708085E-2
-7.434729E-3
+9.371702E-3
+1.340803E-2
+2.482109E-2
+3.978334E-3
-3.661691E-2
+1.917642E-3
+1.508563E-2
+1.975249E-3
-1.314126E-3
+5.914050E-2
+7.497394E-2


