
-1.241000E+1
-3.854000E+1
-1.491000E+1
+3.490000E+0
+3.965905E+1
+6.280000E+1
-2.160000E+2
+3.528000E+2
+2.631000E+2
-4.750000E+2
-1.642000E+2
-2.700000E+0
-1.630000E+1
+2.010000E+1
+3.775000E+2
+4.840000E+1
-3.401000E+2
+5.780000E+1
-2.079000E+2
-6.393000E+2
-2.807000E+2
+3.714000E+2
+2.861000E+2
-4.640000E+1
-1.072000E+2
-1.045000E+2
-8.750000E+1
-6.630000E+1
+4.260000E+2
+4.844000E+2
-6.272000E+2
-3.287000E+2
-1.426000E+2
-5.611000E+2
-3.830000E+1
+1.330000E+2
+3.820000E+1
-1.677000E+2
+1.119000E+2
-3.990000E+1
-1.959000E+2
-1.211000E+2
+2.548000E+2
-2.900000E+0
-3.063000E+2
+1.109364E+2
-3.094000E+1
-2.351000E+1
-3.631000E+1
-4.494000E+1
-1.146714E+2


+1.971648E+2
-9.100000E-1
-2.638000E+1
-2.443000E+1
-3.345000E+1
+1.263164E+2
+1.504000E+2
+6.780000E+1
-2.926000E+2
-2.478000E+2
-5.720000E+1
-3.740000E+1
+9.650000E+1
+5.810000E+1
-5.800000E+1
-7.400000E+1
+3.667000E+2
-8.510000E+1
-4.339000E+2
+1.680000E+1
-1.200000E+0
-2.975000E+2
-1.394000E+2
+5.690000E+2
+2.140000E+1
-8.356000E+2
-3.677000E+2
-1.680000E+1
+2.711000E+2
-8.700000E+0
-2.587000E+2
+9.480000E+1
-1.016000E+2
+2.778000E+2
+4.761000E+2
-1.820000E+1
-4.516000E+2
-3.197000E+2
-6.410000E+1
+8.080000E+1
+1.156000E+2
+2.140000E+2
+3.430000E+1
-3.157000E+2
-7.780000E+1
-3.933333E+1
-8.691810E+1
-1.133000E+1
-3.383000E+1
+5.015900E+2
+6.320600E+2


