
+2.430000E+1
-4.912000E+1
-2.796000E+1
-1.860000E+0
+8.840000E+0
+4.120000E+1
+1.060000E+2
-5.380000E+2
+1.243600E+3
-7.174000E+2
-2.326000E+2
-9.580000E+1
+9.040000E+1
-1.230000E+2
+1.632000E+2
+5.918000E+2
-4.950000E+2
-1.852000E+2
+3.008000E+2
-7.166000E+2
-5.620000E+2
+6.000000E-1
+7.422000E+2
-1.700000E+2
+7.720000E+1
-2.916000E+2
+8.260000E+1
-2.576000E+2
+1.250000E+2
+7.270000E+2
+2.418000E+2
-1.496200E+3
+8.388000E+2
-1.124000E+3
+1.800000E+0
-7.840000E+1
+3.444000E+2
-2.680000E+2
-6.740000E+1
+2.912000E+2
-3.710000E+2
-2.080000E+1
-2.214000E+2
+7.310000E+2
-7.368000E+2
+1.242000E+2
-2.170000E+1
-4.018000E+1
-6.840000E+0
-6.578000E+1
-2.410000E+1
-1.192000E+2

+2.056000E+2
+2.846000E+1
-3.028000E+1
-2.248000E+1
-2.638000E+1
-4.052000E+1
+1.430000E+2
+1.578000E+2
-2.220000E+1
-5.630000E+2
+6.740000E+1
-1.818000E+2
+1.070000E+2
+8.600000E+1
+3.020000E+1
-1.462000E+2
-1.800000E+0
+7.352000E+2
-9.054000E+2
+3.760000E+1
-4.000000E+0
+1.600000E+0
-5.966000E+2
+3.178000E+2
+8.202000E+2
-7.774000E+2
-8.938000E+2
+1.584000E+2
-1.920000E+2
+7.342000E+2
-7.516000E+2
+2.342000E+2
-4.460000E+1
-1.586000E+2
+7.142000E+2
+2.380000E+2
-2.744000E+2
-6.288000E+2
-1.060000E+1
-1.176000E+2
+2.792000E+2
-4.800000E+1
+4.760000E+2
-4.074000E+2
-2.240000E+2
+6.840000E+1
-9.320000E+1
+3.872000E+1
-6.138000E+1
-6.280000E+0
+1.009460E+3
+2.546600E+2

