
+1.215000E-5
-2.456000E-5
-1.398000E-5
-9.300000E-7
+4.420000E-6
+2.060000E-5
+5.300000E-5
-2.690000E-4
+6.218000E-4
-3.587000E-4
-1.163000E-4
-4.790000E-5
+4.520000E-5
-6.150000E-5
+8.160000E-5
+2.959000E-4
-2.475000E-4
-9.260000E-5
+1.504000E-4
-3.583000E-4
-2.810000E-4
+3.000000E-7
+3.711000E-4
-8.500000E-5
+3.860000E-5
-1.458000E-4
+4.130000E-5
-1.288000E-4
+6.250000E-5
+3.635000E-4
+1.209000E-4
-7.481000E-4
+4.194000E-4
-5.620000E-4
+9.000000E-7
-3.920000E-5
+1.722000E-4
-1.340000E-4
-3.370000E-5
+1.456000E-4
-1.855000E-4
-1.040000E-5
-1.107000E-4
+3.655000E-4
-3.684000E-4
+6.210000E-5
-1.085000E-5
-2.009000E-5
-3.420000E-6
-3.289000E-5
-1.205000E-5
-5.960000E-5

+1.028000E-4
+1.423000E-5
-1.514000E-5
-1.124000E-5
-1.319000E-5
-2.026000E-5
+7.150000E-5
+7.890000E-5
-1.110000E-5
-2.815000E-4
+3.370000E-5
-9.090000E-5
+5.350000E-5
+4.300000E-5
+1.510000E-5
-7.310000E-5
-9.000000E-7
+3.676000E-4
-4.527000E-4
+1.880000E-5
-2.000000E-6
+8.000000E-7
-2.983000E-4
+1.589000E-4
+4.101000E-4
-3.887000E-4
-4.469000E-4
+7.920000E-5
-9.600000E-5
+3.671000E-4
-3.758000E-4
+1.171000E-4
-2.230000E-5
-7.930000E-5
+3.571000E-4
+1.190000E-4
-1.372000E-4
-3.144000E-4
-5.300000E-6
-5.880000E-5
+1.396000E-4
-2.400000E-5
+2.380000E-4
-2.037000E-4
-1.120000E-4
+3.420000E-5
-4.660000E-5
+1.936000E-5
-3.069000E-5
-3.140000E-6
+5.047300E-4
+1.273300E-4

