3.33
3.38
3.27
3.20
3.20
3.22
3.22
3.25
3.12
3.42
3.25
3.19
3.17
3.19
3.16
3.20
3.34
3.22
3.18
3.25
3.08
2.95
2.95
3.12
3.08
3.10
3.03
3.05
2.99
3.02
3.19
3.25
2.89
3.09
2.83
2.83
2.81
2.89
2.83
2.81
2.88
2.79
2.79
2.73
2.91
2.73
2.76
2.71
2.61
2.60
2.44
2.38
2.37
2.36
2.34
2.27
2.34
2.39
2.46
2.55
2.52
2.48
2.49
2.62
2.60
2.65
2.62
2.60
2.59
2.63
2.63
2.46
2.67
2.66
2.66
2.66
2.80
2.73
2.53
2.72
2.93
2.89
2.94
2.76
2.94
2.89
2.90
2.93
2.77
2.71
2.77
2.92
2.93
2.95
2.89
2.90
2.79
2.88
2.94
2.92
2.93
2.84
2.98
3.00
0.60
0.00
0.00
