+8.240049E-5
+3.722830E-4
+3.565614E-5
+8.471269E-5
+2.873326E-5
+2.046877E-4
+4.938421E-5
+1.191654E-4
+3.372459E-4
+1.869231E-4
+7.405511E-5
+4.105411E-5
+3.141486E-4
+6.657147E-5
+5.346784E-4
+4.507594E-5
+4.833721E-4
+4.147445E-4
+7.067390E-5
+4.229929E-4
+3.110707E-4
+1.006209E-4
+5.345054E-5
+4.622121E-5
+3.395291E-5
+1.337661E-4
+8.275893E-5
+4.318981E-5
+1.015295E-4
+6.540826E-5
+3.443931E-4
+5.309087E-5
+4.235419E-4
+1.066696E-4
+3.044339E-5
+4.725844E-5
+5.201769E-5
+3.271889E-4
+3.933141E-5
+4.355043E-5
+2.829859E-4
+1.574771E-4
+2.955943E-5
+2.821772E-5
+9.353416E-5
+4.257981E-5
+1.278458E-4
+2.121136E-4
+9.024633E-5
+5.142217E-5
+5.973408E-5
+6.603151E-5
+6.449000E-5
+6.684190E-5
+3.768504E-4
+1.760682E-5
+6.670652E-5
+9.106613E-5
+6.655704E-5
+2.060336E-4
+3.723762E-5
+2.412799E-5
+1.928948E-4
+6.587260E-5
+2.840272E-4
+6.575591E-5
+6.781327E-5
+8.389660E-5
+2.218468E-5
+3.557019E-4
+3.166748E-4
+8.027951E-5
+2.140654E-5
+3.890193E-5
+3.237530E-5
+2.267510E-5
+2.909724E-4
+2.339350E-4
+4.010686E-5
+3.469524E-5
+6.568105E-5
+1.004024E-4
+1.406821E-4
+2.340598E-5
+6.003666E-5
+1.953616E-4
+3.418284E-4
+5.249762E-5
+4.937773E-5
+7.851216E-5
+2.746652E-4
+4.562017E-5
+8.957142E-5
+5.969054E-5
+1.602935E-4
+2.177668E-4
+1.440028E-4
+4.067887E-4
+4.772253E-5
+4.147770E-5
+5.272798E-5
+3.132919E-4
+1.803867E-4
+2.026870E-4
+3.777332E-3
+5.706137E-6
+5.706137E-6
