+4.355960E-1
+4.362830E-1
+4.353600E-1
+4.351060E-1
+4.350280E-1
+4.354670E-1
+4.351740E-1
+4.354440E-1
+4.349430E-1
+4.361230E-1
+4.353020E-1
+4.350090E-1
+4.351520E-1
+4.350230E-1
+4.352990E-1
+4.350530E-1
+4.361890E-1
+4.359150E-1
+4.349840E-1
+4.358720E-1
+4.347800E-1
+4.340860E-1
+4.340220E-1
+4.347290E-1
+4.345300E-1
+4.348270E-1
+4.343820E-1
+4.344340E-1
+4.342650E-1
+4.343250E-1
+4.353410E-1
+4.352620E-1
+4.345400E-1
+4.347470E-1
+4.334810E-1
+4.335110E-1
+4.334290E-1
+4.341480E-1
+4.334950E-1
+4.334140E-1
+4.340620E-1
+4.335780E-1
+4.333060E-1
+4.330860E-1
+4.339050E-1
+4.330920E-1
+4.333900E-1
+4.333640E-1
+4.327040E-1
+4.325560E-1
+4.319250E-1
+4.316810E-1
+4.315950E-1
+4.315450E-1
+4.317700E-1
+4.311100E-1
+4.314780E-1
+4.317530E-1
+4.319660E-1
+4.326900E-1
+4.321810E-1
+4.320120E-1
+4.323750E-1
+4.326930E-1
+4.328420E-1
+4.327670E-1
+4.326850E-1
+4.325880E-1
+4.324810E-1
+4.329120E-1
+4.329190E-1
+4.320130E-1
+4.328080E-1
+4.327960E-1
+4.327860E-1
+4.327680E-1
+4.335140E-1
+4.334500E-1
+4.322500E-1
+4.330330E-1
+4.339810E-1
+4.338200E-1
+4.340470E-1
+4.332130E-1
+4.340130E-1
+4.339020E-1
+4.339710E-1
+4.339630E-1
+4.332200E-1
+4.330610E-1
+4.336620E-1
+4.338850E-1
+4.340120E-1
+4.340730E-1
+4.339630E-1
+4.340480E-1
+4.334900E-1
+4.340220E-1
+4.339490E-1
+4.338680E-1
+4.339280E-1
+4.341090E-1
+4.342830E-1
+4.343890E-1
+4.314900E-1
+4.215290E-1
+4.215290E-1
