+4.353780E-1
+4.354520E-1
+4.352550E-1
+4.348690E-1
+4.349480E-1
+4.348970E-1
+4.350210E-1
+4.351130E-1
+4.340100E-1
+4.356720E-1
+4.351050E-1
+4.348940E-1
+4.342670E-1
+4.348400E-1
+4.337970E-1
+4.349210E-1
+4.350400E-1
+4.347610E-1
+4.347970E-1
+4.347330E-1
+4.341120E-1
+4.338080E-1
+4.338760E-1
+4.346150E-1
+4.344400E-1
+4.344440E-1
+4.341480E-1
+4.343070E-1
+4.339710E-1
+4.341400E-1
+4.345480E-1
+4.351240E-1
+4.334170E-1
+4.344610E-1
+4.333940E-1
+4.333640E-1
+4.332890E-1
+4.334070E-1
+4.333860E-1
+4.333040E-1
+4.334010E-1
+4.331240E-1
+4.332300E-1
+4.329990E-1
+4.336640E-1
+4.329610E-1
+4.330290E-1
+4.328010E-1
+4.324440E-1
+4.324030E-1
+4.317440E-1
+4.314850E-1
+4.314180E-1
+4.313520E-1
+4.308940E-1
+4.310580E-1
+4.312870E-1
+4.315110E-1
+4.317970E-1
+4.321370E-1
+4.320880E-1
+4.319520E-1
+4.318310E-1
+4.325150E-1
+4.320230E-1
+4.326050E-1
+4.324750E-1
+4.324000E-1
+4.324230E-1
+4.320870E-1
+4.321900E-1
+4.317930E-1
+4.327420E-1
+4.326850E-1
+4.327090E-1
+4.327030E-1
+4.327560E-1
+4.328140E-1
+4.321340E-1
+4.329240E-1
+4.337880E-1
+4.335240E-1
+4.336680E-1
+4.331490E-1
+4.338390E-1
+4.333430E-1
+4.330540E-1
+4.338170E-1
+4.331050E-1
+4.328370E-1
+4.329820E-1
+4.337610E-1
+4.337360E-1
+4.338940E-1
+4.335120E-1
+4.334980E-1
+4.330350E-1
+4.331580E-1
+4.338120E-1
+4.337590E-1
+4.337940E-1
+4.333010E-1
+4.338000E-1
+4.339000E-1
+4.216370E-1
+4.215110E-1
+4.215110E-1
