mass_A
t	x	y
6.666666667E-2	2.452831828E-4	-1.192920113E-2
1.000000000E-1	2.439319533E-4	-1.192799885E-2
1.333333333E-1	2.444164224E-4	-1.192778344E-2
1.666666667E-1	2.560440988E-4	-1.191794953E-2
2.000000000E-1	2.260009710E-4	-1.188539524E-2
2.333333333E-1	2.697148061E-4	-1.185394425E-2
2.666666667E-1	2.413438195E-4	-1.187984824E-2
3.000000000E-1	2.503157385E-4	-1.188655209E-2
3.333333333E-1	2.493819648E-4	-1.187279616E-2
3.666666667E-1	2.536656171E-4	-1.189069116E-2
4.000000000E-1	2.657018669E-4	-1.191391692E-2
4.333333333E-1	2.039364681E-4	-1.185525534E-2
4.666666667E-1	2.178350327E-4	-1.187903591E-2
5.000000000E-1	2.127343061E-4	-1.182742357E-2
5.333333333E-1	2.519323548E-4	-1.187965790E-2
5.666666667E-1	2.552968672E-4	-1.183643033E-2
6.000000000E-1	2.910701798E-4	-1.187620468E-2
6.333333333E-1	3.200645470E-4	-1.186921391E-2
6.666666667E-1	3.609113819E-4	-1.186777754E-2
7.000000000E-1	3.669775995E-4	-1.187375897E-2
7.333333333E-1	3.760995617E-4	-1.187782070E-2
7.666666667E-1	3.560964581E-4	-1.188050695E-2
8.000000000E-1	3.856037674E-4	-1.190738295E-2
8.333333333E-1	3.991598796E-4	-1.195098460E-2
8.666666667E-1	3.961380985E-4	-1.194072188E-2
9.000000000E-1	3.914781525E-4	-1.185911423E-2
9.333333333E-1	4.235443194E-4	-1.185994897E-2
9.666666667E-1	4.359081038E-4	-1.192535270E-2
1.000000000E0	1.932874866E-3	-1.178451078E-2
1.033333333E0	1.940616609E-3	-1.189224530E-2
1.066666667E0	1.944877476E-3	-1.190870929E-2
1.100000000E0	1.999795090E-3	-1.183813806E-2
1.133333333E0	1.976411770E-3	-1.192004808E-2
1.166666667E0	1.982827852E-3	-1.193240415E-2
1.200000000E0	2.057301565E-3	-1.193585339E-2
1.233333333E0	1.969165654E-3	-1.194253329E-2
1.266666667E0	1.944450000E-3	-1.195163057E-2
1.300000000E0	1.960112682E-3	-1.193752633E-2
1.333333333E0	1.958571236E-3	-1.194108508E-2
1.366666667E0	1.920541753E-3	-1.194195255E-2
1.400000000E0	1.920984093E-3	-1.194095701E-2
1.433333333E0	1.900716918E-3	-1.194430386E-2
1.466666667E0	1.771560590E-3	-1.193526706E-2
1.500000000E0	1.569217540E-3	-1.196011309E-2
1.533333333E0	1.599517447E-3	-1.193942983E-2
1.566666667E0	1.450074952E-3	-1.196504677E-2
1.600000000E0	1.174623041E-3	-1.206731373E-2
1.633333333E0	1.101469883E-3	-1.201770454E-2
1.666666667E0	4.563864921E-4	-1.260960156E-2
1.700000000E0	-5.430666515E-3	-1.070906744E-2
1.733333333E0	-1.150896767E-2	-1.154078751E-2
1.766666667E0	-2.472317642E-2	-1.045313447E-2
1.800000000E0	-3.612376881E-2	-1.191747776E-2
1.833333333E0	-5.056318128E-2	-1.117996276E-2
1.866666667E0	-6.809731525E-2	-1.211189424E-2
1.900000000E0	-8.669072524E-2	-1.081055837E-2
1.933333333E0	-1.060069933E-1	-1.174832498E-2
1.966666667E0	-1.265349568E-1	-1.084016481E-2
2.000000000E0	-1.468306500E-1	-1.167965554E-2
2.033333333E0	-1.660493142E-1	-1.023432152E-2
2.066666667E0	-1.848491872E-1	-1.013323119E-2
2.100000000E0	-2.025423878E-1	-9.415344101E-3
2.133333333E0	-2.193837151E-1	-1.045004896E-2
2.166666667E0	-2.327957986E-1	-9.454995160E-3
2.200000000E0	-2.445152009E-1	-9.163109323E-3
2.233333333E0	-2.544245059E-1	-8.781648831E-3
2.266666667E0	-2.622656802E-1	-9.237086232E-3
2.300000000E0	-2.643296538E-1	-9.386589619E-3
2.333333333E0	-2.678758968E-1	-8.968786688E-3
2.366666667E0	-2.672892263E-1	-9.136306328E-3
2.400000000E0	-2.626597856E-1	-8.952531914E-3
2.433333333E0	-2.576263168E-1	-9.103207792E-3
2.466666667E0	-2.485429014E-1	-9.093696214E-3
2.500000000E0	-2.401299893E-1	-9.605513357E-3
2.533333333E0	-2.282914414E-1	-9.007250999E-3
2.566666667E0	-2.131848708E-1	-1.026702927E-2
2.600000000E0	-2.015049591E-1	-9.907828154E-3
2.633333333E0	-1.862379145E-1	-1.013013499E-2
2.666666667E0	-1.711223886E-1	-1.019387941E-2
2.700000000E0	-1.563820471E-1	-1.038010125E-2
2.733333333E0	-1.416594561E-1	-9.985848556E-3
2.766666667E0	-1.278130111E-1	-1.062251794E-2
2.800000000E0	-1.142003990E-1	-1.034424495E-2
2.833333333E0	-1.023692496E-1	-1.027271326E-2
2.866666667E0	-9.225137930E-2	-1.005887674E-2
2.900000000E0	-8.313935613E-2	-1.038661417E-2
2.933333333E0	-7.678505152E-2	-1.067444799E-2
2.966666667E0	-7.067942648E-2	-1.148296511E-2
3.000000000E0	-6.887473654E-2	-1.130158052E-2
3.033333333E0	-6.649180584E-2	-1.059564900E-2
3.066666667E0	-6.743201619E-2	-1.096686056E-2
3.100000000E0	-7.014026630E-2	-1.138487633E-2
3.133333333E0	-7.517672997E-2	-1.179826954E-2
3.166666667E0	-8.054530301E-2	-1.071948702E-2
3.200000000E0	-8.770642835E-2	-1.176433668E-2
3.233333333E0	-9.653048206E-2	-1.120886167E-2
3.266666667E0	-1.066667402E-1	-1.126290424E-2
3.300000000E0	-1.169048007E-1	-1.092879902E-2
3.333333333E0	-1.275928588E-1	-1.057970303E-2
3.366666667E0	-1.384739819E-1	-1.061312263E-2
3.400000000E0	-1.501816218E-1	-1.030518221E-2
3.433333333E0	-1.605031745E-1	-9.746269365E-3
3.466666667E0	-1.716183656E-1	-9.679415809E-3
3.500000000E0	-1.814701324E-1	-9.787720894E-3
3.533333333E0	-1.908761103E-1	-9.933779922E-3
3.566666667E0	-1.974352635E-1	-9.625476107E-3
3.600000000E0	-2.038098125E-1	-9.138771215E-3
3.633333333E0	-2.108780086E-1	-1.001312047E-2
3.666666667E0	-2.122732584E-1	-1.015217139E-2
3.700000000E0	-2.157549794E-1	-9.603434292E-3
3.733333333E0	-2.169895802E-1	-9.715768976E-3
3.766666667E0	-2.164489323E-1	-9.595528834E-3
3.800000000E0	-2.127928314E-1	-9.911863626E-3
3.833333333E0	-2.113306292E-1	-9.971184224E-3
3.866666667E0	-2.060346227E-1	-9.188913003E-3
3.900000000E0	-2.006614818E-1	-9.258828483E-3
3.933333333E0	-1.935164107E-1	-9.783808573E-3
3.966666667E0	-1.869643096E-1	-9.717836195E-3
4.000000000E0	-1.797417436E-1	-9.810581270E-3
4.033333333E0	-1.710991794E-1	-9.580839353E-3
4.066666667E0	-1.613244925E-1	-1.018170776E-2
4.100000000E0	-1.537069025E-1	-9.925073486E-3
4.133333333E0	-1.458836841E-1	-1.001000008E-2
4.166666667E0	-1.378302740E-1	-1.027597281E-2
4.200000000E0	-1.305740233E-1	-1.097190975E-2
4.233333333E0	-1.249761323E-1	-1.088236544E-2
4.266666667E0	-1.178644378E-1	-1.000932895E-2
4.300000000E0	-1.124793657E-1	-1.086796943E-2
4.333333333E0	-1.089050512E-1	-1.070955848E-2
4.366666667E0	-1.067405611E-1	-1.034995665E-2
4.400000000E0	-1.044872416E-1	-1.054468666E-2
4.433333333E0	-1.044629836E-1	-1.049790851E-2
4.466666667E0	-1.050684774E-1	-1.091499755E-2
4.500000000E0	-1.068273152E-1	-1.128960984E-2
4.533333333E0	-1.079950161E-1	-1.154403047E-2
4.566666667E0	-1.114632946E-1	-1.162800927E-2
4.600000000E0	-1.171670025E-1	-1.109972297E-2
4.633333333E0	-1.211016200E-1	-1.075072636E-2
4.666666667E0	-1.273228206E-1	-1.122889016E-2
4.700000000E0	-1.321174849E-1	-1.103004170E-2
4.733333333E0	-1.382545295E-1	-1.090352344E-2
4.766666667E0	-1.450836877E-1	-1.043096188E-2
4.800000000E0	-1.514531705E-1	-9.911645998E-3
4.833333333E0	-1.577348039E-1	-1.012979172E-2
4.866666667E0	-1.621861124E-1	-1.016670187E-2
4.900000000E0	-1.694710338E-1	-1.000962741E-2
4.933333333E0	-1.730768007E-1	-1.146443101E-2
4.966666667E0	-1.777654517E-1	-9.922324893E-3
5.000000000E0	-1.808978640E-1	-9.884025846E-3
5.033333333E0	-1.840638884E-1	-9.318599601E-3
5.066666667E0	-1.862581546E-1	-9.372124248E-3
5.100000000E0	-1.869644176E-1	-9.481221009E-3
5.133333333E0	-1.873218189E-1	-9.822762748E-3
5.166666667E0	-1.870255447E-1	-9.769316887E-3
5.200000000E0	-1.865323716E-1	-9.810353671E-3
5.233333333E0	-1.847124539E-1	-9.581221836E-3
5.266666667E0	-1.819137317E-1	-9.710887819E-3
5.300000000E0	-1.788918496E-1	-9.734929512E-3
5.333333333E0	-1.767211186E-1	-9.995450185E-3
5.366666667E0	-1.711780882E-1	-1.007788019E-2
5.400000000E0	-1.682441035E-1	-1.085062825E-2
5.433333333E0	-1.617505346E-1	-1.094937860E-2
5.466666667E0	-1.575412995E-1	-1.115706778E-2
5.500000000E0	-1.527505065E-1	-1.080643989E-2
5.533333333E0	-1.479358325E-1	-1.107171788E-2
5.566666667E0	-1.434733008E-1	-1.085412218E-2
5.600000000E0	-1.397669242E-1	-1.115856008E-2
5.633333333E0	-1.361086544E-1	-1.103158416E-2
5.666666667E0	-1.328159809E-1	-1.100559479E-2
5.700000000E0	-1.304721299E-1	-1.085235131E-2
5.733333333E0	-1.279227293E-1	-1.091464389E-2
5.766666667E0	-1.266582319E-1	-1.081328709E-2
5.800000000E0	-1.260360760E-1	-1.077826616E-2
5.833333333E0	-1.260318993E-1	-1.075203057E-2
5.866666667E0	-1.261994387E-1	-1.078247744E-2
5.900000000E0	-1.264854698E-1	-1.080508579E-2
5.933333333E0	-1.277223317E-1	-1.080863927E-2
5.966666667E0	-1.305375143E-1	-1.028752947E-2
6.000000000E0	-1.326255122E-1	-4.223223599E-3
6.033333333E0	-1.352017033E-1	-4.404279857E-3
6.066666667E0	-1.386497475E-1	-4.248916552E-3
6.100000000E0	-1.419277794E-1	-4.538789380E-3
6.133333333E0	-1.455022645E-1	-4.435460809E-3
6.166666667E0	-1.490620756E-1	-4.422087232E-3
6.200000000E0	-1.523082612E-1	-4.313305072E-3
6.233333333E0	-1.557318496E-1	-4.274604941E-3
6.266666667E0	-1.588315785E-1	-4.163255317E-3
6.300000000E0	-1.620598033E-1	-4.005849290E-3
6.333333333E0	-1.646524486E-1	-4.176545091E-3
6.366666667E0	-1.677218666E-1	-3.990986140E-3
6.400000000E0	-1.697463558E-1	-3.945213599E-3
6.433333333E0	-1.710985204E-1	-3.772873678E-3
6.466666667E0	-1.719970458E-1	-3.852523220E-3
6.500000000E0	-1.723605191E-1	-3.757998219E-3
6.533333333E0	-1.725982238E-1	-3.851595110E-3
6.566666667E0	-1.724416094E-1	-3.841863320E-3
6.600000000E0	-1.719341918E-1	-3.896552731E-3
6.633333333E0	-1.710713470E-1	-3.890782578E-3
6.666666667E0	-1.697223065E-1	-3.928595502E-3
6.700000000E0	-1.678782673E-1	-3.981325745E-3
6.733333333E0	-1.652995106E-1	-4.213361901E-3
6.766666667E0	-1.625933075E-1	-4.340680628E-3
6.800000000E0	-1.599967011E-1	-4.228349975E-3
6.833333333E0	-1.575424677E-1	-4.316247666E-3
6.866666667E0	-1.549541192E-1	-4.371957640E-3
6.900000000E0	-1.522944750E-1	-4.424650855E-3
6.933333333E0	-1.498639599E-1	-4.325393089E-3
6.966666667E0	-1.473230427E-1	-4.504356550E-3
7.000000000E0	-1.449967085E-1	-4.513540277E-3
7.033333333E0	-1.429463535E-1	-4.639583760E-3
7.066666667E0	-1.410097772E-1	-4.502953777E-3
7.100000000E0	-1.393572406E-1	-4.579856620E-3
7.133333333E0	-1.381684195E-1	-4.450722451E-3
7.166666667E0	-1.375010867E-1	-4.581337458E-3
7.200000000E0	-1.369578542E-1	-4.543475777E-3
7.233333333E0	-1.368631229E-1	-4.545436489E-3
7.266666667E0	-1.370269096E-1	-4.594733000E-3
7.300000000E0	-1.374362563E-1	-4.589012877E-3
7.333333333E0	-1.382912027E-1	-4.621575971E-3
7.366666667E0	-1.393360690E-1	-4.575339948E-3
7.400000000E0	-1.409643172E-1	-4.552035563E-3
7.433333333E0	-1.424345678E-1	-4.628852884E-3
7.466666667E0	-1.443995465E-1	-4.672108713E-3
7.500000000E0	-1.464782533E-1	-4.409663418E-3
7.533333333E0	-1.481453778E-1	-4.587893410E-3
7.566666667E0	-1.498269408E-1	-4.513038676E-3
7.600000000E0	-1.517712357E-1	-4.681877053E-3
7.633333333E0	-1.538615815E-1	-4.359616109E-3
7.666666667E0	-1.555658633E-1	-4.517241635E-3
7.700000000E0	-1.574117150E-1	-4.240281206E-3
7.733333333E0	-1.588851372E-1	-4.392749918E-3
7.766666667E0	-1.601295404E-1	-4.242800253E-3
7.800000000E0	-1.610178840E-1	-4.552617002E-3
7.833333333E0	-1.618582965E-1	-4.365223835E-3
7.866666667E0	-1.621444785E-1	-4.646932634E-3
7.900000000E0	-1.627312265E-1	-4.345000109E-3
7.933333333E0	-1.628636924E-1	-4.364378857E-3
7.966666667E0	-1.628293953E-1	-4.317245690E-3
8.000000000E0	-1.625698529E-1	-4.367963382E-3
8.033333333E0	-1.620910462E-1	-4.316863837E-3
8.066666667E0	-1.610677205E-1	-4.279110486E-3
8.100000000E0	-1.599827574E-1	-4.281443681E-3
8.133333333E0	-1.587968601E-1	-4.258429149E-3
8.166666667E0	-1.577231196E-1	-4.315305887E-3
8.200000000E0	-1.563069360E-1	-4.211425145E-3
8.233333333E0	-1.544933784E-1	-4.579180550E-3
8.266666667E0	-1.530927993E-1	-4.257413194E-3
8.300000000E0	-1.518359952E-1	-4.330377847E-3
8.333333333E0	-1.503823578E-1	-4.322732767E-3
8.366666667E0	-1.491117076E-1	-4.289226852E-3
8.400000000E0	-1.481405954E-1	-4.261968368E-3
8.433333333E0	-1.469109541E-1	-4.254780433E-3
8.466666667E0	-1.460164340E-1	-4.604399107E-3
8.500000000E0	-1.450587809E-1	-4.595570983E-3
8.533333333E0	-1.445868659E-1	-4.653555784E-3
8.566666667E0	-1.441992582E-1	-4.700318670E-3
8.600000000E0	-1.439341206E-1	-4.641499137E-3
8.633333333E0	-1.439632517E-1	-4.661938937E-3
8.666666667E0	-1.440689559E-1	-4.662464799E-3
8.700000000E0	-1.442243388E-1	-4.705564829E-3
8.733333333E0	-1.445380752E-1	-4.654002982E-3
8.766666667E0	-1.451364606E-1	-4.675066243E-3
8.800000000E0	-1.460168011E-1	-4.627800998E-3
8.833333333E0	-1.467101328E-1	-4.532918008E-3
8.866666667E0	-1.479246155E-1	-4.593001157E-3
8.900000000E0	-1.488268614E-1	-4.673643151E-3
8.933333333E0	-1.499731202E-1	-4.581808788E-3
8.966666667E0	-1.509951222E-1	-4.651954441E-3
9.000000000E0	-1.518933901E-1	-4.651150797E-3
9.033333333E0	-1.527947031E-1	-4.624914228E-3
9.066666667E0	-1.539573765E-1	-4.672551297E-3
9.100000000E0	-1.547120060E-1	-4.618503068E-3
9.133333333E0	-1.558223037E-1	-4.355540546E-3
9.166666667E0	-1.564550039E-1	-4.303948795E-3
9.200000000E0	-1.569965984E-1	-4.237427824E-3
9.233333333E0	-1.574383346E-1	-4.308448865E-3
9.266666667E0	-1.576668483E-1	-4.318047477E-3
9.300000000E0	-1.577396267E-1	-4.320656980E-3
9.333333333E0	-1.579172730E-1	-4.301783418E-3
9.366666667E0	-1.579338800E-1	-4.332566055E-3
9.400000000E0	-1.576384966E-1	-4.266101285E-3
9.433333333E0	-1.573788376E-1	-4.195846185E-3
9.466666667E0	-1.570951605E-1	-4.206595542E-3
9.500000000E0	-1.565284964E-1	-4.186855413E-3
9.533333333E0	-1.556903434E-1	-4.230821664E-3
9.566666667E0	-1.551123993E-1	-4.280857496E-3
9.600000000E0	-1.544602726E-1	-4.408297375E-3
9.633333333E0	-1.535879638E-1	-8.579606373E-3
9.666666667E0	-1.529775209E-1	-8.744481005E-3
9.700000000E0	-1.523896982E-1	-8.820657937E-3
9.733333333E0	-1.517071260E-1	-8.856520261E-3
9.766666667E0	-1.508482000E-1	-8.760786137E-3
9.800000000E0	-1.501580198E-1	-8.709421562E-3
9.833333333E0	-1.497757998E-1	-8.659565458E-3
9.866666667E0	-1.491027617E-1	-8.664725747E-3
9.900000000E0	-1.487312062E-1	-8.643898869E-3
9.933333333E0	-1.484220791E-1	-8.628812808E-3
9.966666667E0	-1.484324620E-1	-8.662651145E-3
1.000000000E1	-1.484021759E-1	-8.650238727E-3
1.003333333E1	-1.484778667E-1	-8.666157712E-3
1.006666667E1	-1.485391101E-1	-8.664642445E-3
1.010000000E1	-1.485664528E-1	-8.669956126E-3
1.013333333E1	-1.486103180E-1	-8.673701555E-3
1.016666667E1	-1.487449837E-1	-8.684545824E-3
1.020000000E1	-1.490717351E-1	-8.676193566E-3
1.023333333E1	-1.497007717E-1	-8.641913366E-3
1.026666667E1	-1.503285970E-1	-8.604902451E-3
1.030000000E1	-1.510271013E-1	-8.592077899E-3
1.033333333E1	-1.517581522E-1	-8.566031268E-3
1.036666667E1	-1.522873767E-1	-8.635872301E-3
1.040000000E1	-1.530017388E-1	-8.368092290E-3
1.043333333E1	-1.534976122E-1	-8.307853299E-3
1.046666667E1	-1.539406502E-1	-8.231610482E-3
1.050000000E1	-1.543361324E-1	-8.223172043E-3
1.053333333E1	-1.547030218E-1	-8.137417516E-3
1.056666667E1	-1.550273969E-1	-8.274868662E-3
1.060000000E1	-1.551423327E-1	-8.178340713E-3
1.063333333E1	-1.553343080E-1	-8.266856759E-3
1.066666667E1	-1.553533416E-1	-8.251441622E-3
1.070000000E1	-1.553745219E-1	-8.264250337E-3
1.073333333E1	-1.553161811E-1	-8.235105037E-3
1.076666667E1	-1.552830340E-1	-8.257218447E-3
1.080000000E1	-1.552551248E-1	-8.257594032E-3
1.083333333E1	-1.552243305E-1	-8.256449613E-3
1.086666667E1	-1.551648947E-1	-8.239644474E-3
1.090000000E1	-1.550569645E-1	-8.240641512E-3
1.093333333E1	-1.548539402E-1	-8.248964796E-3
1.096666667E1	-1.546618966E-1	-8.223192865E-3
1.100000000E1	-1.542309592E-1	-8.253984426E-3
1.103333333E1	-1.539363187E-1	-8.233305830E-3
1.106666667E1	-1.535541600E-1	-8.237837161E-3
1.110000000E1	-1.532934340E-1	-8.208915939E-3
1.113333333E1	-1.530267985E-1	-8.260916567E-3
1.116666667E1	-1.527921493E-1	-8.189703915E-3
1.120000000E1	-1.524048327E-1	-8.217115011E-3
1.123333333E1	-1.522208532E-1	-8.183668841E-3
1.126666667E1	-1.519015132E-1	-8.222958864E-3
1.130000000E1	-1.516347716E-1	-8.188484941E-3
1.133333333E1	-1.515970049E-1	-8.243114441E-3
1.136666667E1	-1.515898801E-1	-8.215543224E-3
1.140000000E1	-1.516083612E-1	-8.255282978E-3
1.143333333E1	-1.516307864E-1	-8.235731701E-3
1.146666667E1	-1.516702165E-1	-8.256910212E-3
1.150000000E1	-1.516782399E-1	-8.241257813E-3
1.153333333E1	-1.516978976E-1	-8.243111588E-3
1.156666667E1	-1.517238300E-1	-8.244274238E-3
1.160000000E1	-1.517749697E-1	-8.243902023E-3
1.163333333E1	-1.518296991E-1	-8.247925189E-3
1.166666667E1	-1.519887895E-1	-8.222783885E-3
1.170000000E1	-1.522797450E-1	-8.235003759E-3
1.173333333E1	-1.525804388E-1	-8.201219255E-3
1.176666667E1	-1.529337982E-1	-8.165466515E-3
1.180000000E1	-1.532237664E-1	-8.176722101E-3
1.183333333E1	-1.534027712E-1	-8.199837749E-3
1.186666667E1	-1.536259094E-1	-8.190962427E-3
1.190000000E1	-1.537934230E-1	-8.179953417E-3
1.193333333E1	-1.540991568E-1	-8.189423921E-3
1.196666667E1	-1.541904639E-1	-8.194806958E-3
1.200000000E1	-1.543367909E-1	-8.145651487E-3
1.203333333E1	-1.544157111E-1	-8.249546452E-3
1.206666667E1	-1.544198614E-1	-8.232036184E-3
1.210000000E1	-1.544341727E-1	-8.255662829E-3
1.213333333E1	-1.544067182E-1	-8.243402982E-3
1.216666667E1	-1.543850229E-1	-8.255764545E-3
1.220000000E1	-1.543617878E-1	-8.225822930E-3
1.223333333E1	-1.543722868E-1	-8.264460775E-3
1.226666667E1	-1.543644077E-1	-8.256399012E-3
1.230000000E1	-1.543450366E-1	-8.255586704E-3
1.233333333E1	-1.543220785E-1	-8.248450280E-3
1.236666667E1	-1.542524030E-1	-8.225260393E-3
1.240000000E1	-1.542183210E-1	-8.236337909E-3
1.243333333E1	-1.538680335E-1	-8.213788739E-3
1.246666667E1	-1.539169303E-1	-8.273463752E-3
1.250000000E1	-1.537482898E-1	-8.233741062E-3
1.253333333E1	-1.536768456E-1	-8.250239952E-3
1.256666667E1	-1.534417463E-1	-8.230864061E-3
1.260000000E1	-1.533555324E-1	-8.254939551E-3
1.263333333E1	-1.533170748E-1	-8.226851013E-3
1.266666667E1	-1.532538634E-1	-8.237250353E-3
1.270000000E1	-1.532557434E-1	-8.222131291E-3
1.273333333E1	-1.532702222E-1	-8.232236506E-3
1.276666667E1	-1.532662903E-1	-8.225257912E-3
1.280000000E1	-1.533109167E-1	-8.233482158E-3
1.283333333E1	-1.533422749E-1	-8.224834220E-3
1.286666667E1	-1.533883087E-1	-8.235469703E-3
1.290000000E1	-1.534103468E-1	-8.238729086E-3
1.293333333E1	-1.534388648E-1	-8.251406498E-3
1.296666667E1	-1.534513253E-1	-8.245042586E-3
1.300000000E1	-1.534696070E-1	-8.255827099E-3
1.303333333E1	-1.534729093E-1	-8.246653524E-3
1.306666667E1	-1.534780357E-1	-8.247852539E-3
1.310000000E1	-1.535129131E-1	-8.246693201E-3
1.313333333E1	-1.535301058E-1	-8.251384316E-3
1.316666667E1	-1.535503961E-1	-8.256348332E-3
1.320000000E1	-1.535740818E-1	-8.248677470E-3
1.323333333E1	-1.535676599E-1	-8.255794927E-3
1.326666667E1	-1.535655453E-1	-8.241840147E-3
1.330000000E1	-1.535760660E-1	-8.252588497E-3
1.333333333E1	-1.535845424E-1	-8.218874750E-3
1.336666667E1	-1.535752442E-1	-8.256615928E-3
1.340000000E1	-1.535425672E-1	-8.237921541E-3
1.343333333E1	-1.535253050E-1	-8.252924170E-3
1.346666667E1	-1.535058360E-1	-8.240373075E-3
1.350000000E1	-1.534906148E-1	-8.255399508E-3
1.353333333E1	-1.534777645E-1	-8.247256690E-3
1.356666667E1	-1.534707705E-1	-8.253591982E-3
1.360000000E1	-1.534613093E-1	-8.253036724E-3
1.363333333E1	-1.534558634E-1	-8.252989731E-3
1.366666667E1	-1.534462097E-1	-8.246787688E-3
1.370000000E1	-1.534459937E-1	-8.254383697E-3
1.373333333E1	-1.534190266E-1	-8.246740517E-3
1.376666667E1	-1.534026856E-1	-8.247491288E-3
1.380000000E1	-1.533854365E-1	-8.239781861E-3
1.383333333E1	-1.533427281E-1	-8.243671385E-3
1.386666667E1	-1.533448686E-1	-8.239797543E-3
1.390000000E1	-1.533440221E-1	-8.244090148E-3
1.393333333E1	-1.533486424E-1	-8.231698932E-3
1.396666667E1	-1.533565630E-1	-8.242642101E-3
1.400000000E1	-1.533203756E-1	-8.244219133E-3
1.403333333E1	-1.533658675E-1	-8.242625122E-3
1.406666667E1	-1.533984212E-1	-8.244921150E-3
1.410000000E1	-1.534193556E-1	-8.246439179E-3
1.413333333E1	-1.534233229E-1	-8.241233717E-3
1.416666667E1	-1.534415427E-1	-8.250216435E-3
1.420000000E1	-1.534594246E-1	-8.252320405E-3
1.423333333E1	-1.534651234E-1	-8.251610534E-3
1.426666667E1	-1.534704935E-1	-8.250235249E-3
1.430000000E1	-1.534863219E-1	-8.251192524E-3
1.433333333E1	-1.534915439E-1	-8.247362230E-3
1.436666667E1	-1.535123919E-1	-8.249050974E-3
1.440000000E1	-1.535338292E-1	-8.253814829E-3
1.443333333E1	-1.535592256E-1	-8.242291310E-3
1.446666667E1	-1.535588649E-1	-8.251904757E-3
1.450000000E1	-1.535777095E-1	-8.243820255E-3
1.453333333E1	-1.536328657E-1	-8.248841802E-3
1.456666667E1	-1.535902365E-1	-8.242165292E-3
1.460000000E1	-1.535841644E-1	-8.247590868E-3
1.463333333E1	-1.535809209E-1	-8.235321449E-3
1.466666667E1	-1.535894960E-1	-8.255007797E-3
1.470000000E1	-1.535656465E-1	-8.235536485E-3
1.473333333E1	-1.535421224E-1	-8.246408821E-3
1.476666667E1	-1.535118167E-1	-8.248006841E-3
1.480000000E1	-1.535103457E-1	-8.250975970E-3
1.483333333E1	-1.534933571E-1	-8.243730919E-3
1.486666667E1	-1.534807828E-1	-8.252330825E-3
1.490000000E1	-1.534718326E-1	-8.247573531E-3
1.493333333E1	-1.534592827E-1	-8.251484763E-3
1.496666667E1	-1.534545409E-1	-8.242166141E-3
1.500000000E1	-1.534264247E-1	-8.247947775E-3
1.503333333E1	-1.534437221E-1	-8.251793371E-3
1.506666667E1	-1.534352904E-1	-8.252511858E-3
1.510000000E1	-1.534034029E-1	-8.241081102E-3
1.513333333E1	-1.533795823E-1	-8.245360075E-3
1.516666667E1	-1.533327721E-1	-8.237291961E-3
1.520000000E1	-1.533266750E-1	-8.232779016E-3
1.523333333E1	-1.533514081E-1	-8.241480113E-3
1.526666667E1	-1.533592966E-1	-8.246443254E-3
1.530000000E1	-1.533727104E-1	-8.243044000E-3
1.533333333E1	-1.533944158E-1	-8.249048054E-3
1.536666667E1	-1.533895230E-1	-8.246258727E-3
1.540000000E1	-1.534052687E-1	-8.247089909E-3
1.543333333E1	-1.534188170E-1	-8.246899792E-3
1.546666667E1	-1.534321275E-1	-8.241006621E-3
1.550000000E1	-1.545015437E-1	-2.886832396E-3
1.553333333E1	-1.544522766E-1	-2.826106112E-3
1.556666667E1	-1.544517897E-1	-2.864190171E-3
1.560000000E1	-1.544536161E-1	-2.821892215E-3
1.563333333E1	-1.544614326E-1	-2.810788086E-3
1.566666667E1	-1.544373520E-1	-2.856457681E-3
1.570000000E1	-1.544294853E-1	-2.872111600E-3
1.573333333E1	-1.544132024E-1	-2.878282064E-3
1.576666667E1	-1.544285799E-1	-2.895889154E-3
1.580000000E1	-1.544268240E-1	-2.920749823E-3
1.583333333E1	-1.544159722E-1	-2.925551874E-3
1.586666667E1	-1.544296278E-1	-2.889739207E-3
1.590000000E1	-1.543971316E-1	-2.915810455E-3
1.593333333E1	-1.544046869E-1	-2.873092247E-3
1.596666667E1	-1.544387196E-1	-2.883251171E-3
1.600000000E1	-1.544419797E-1	-2.878267773E-3
1.603333333E1	-1.544023873E-1	-2.930220500E-3
1.606666667E1	-1.544240781E-1	-2.911930450E-3
1.610000000E1	-1.544115884E-1	-2.901941369E-3
1.613333333E1	-1.544360615E-1	-2.889208921E-3
1.616666667E1	-1.544037562E-1	-2.914863079E-3
1.620000000E1	-1.544169450E-1	-2.897438391E-3
1.623333333E1	-1.544145172E-1	-2.910948642E-3
1.626666667E1	-1.544024080E-1	-2.889444517E-3
1.630000000E1	-1.544156658E-1	-2.903113572E-3
1.633333333E1	-1.544087946E-1	-2.869677435E-3
1.636666667E1	-1.544405066E-1	-2.827222297E-3
1.640000000E1	-1.544264240E-1	-2.860909223E-3
1.643333333E1	-1.544145709E-1	-2.880167223E-3
1.646666667E1	-1.543871419E-1	-2.864157045E-3
1.650000000E1	-1.543918703E-1	-2.895593164E-3
1.656666667E1	-1.541918532E-1	-2.534837667E-3
1.660000000E1	-1.518252222E-1	-2.740294468E-3
1.663333333E1	-1.475666739E-1	-2.399148456E-3
1.670000000E1	-1.338964715E-1	-2.479364646E-3
1.673333333E1	-1.259508196E-1	-3.800322042E-3
1.676666667E1	-1.161967564E-1	-2.671391839E-3
1.680000000E1	-1.060876074E-1	-3.842410990E-3
1.683333333E1	-9.592047103E-2	-2.705376122E-3
1.686666667E1	-8.462173620E-2	-4.041659875E-3
1.690000000E1	-7.391523965E-2	-2.932232686E-3
1.693333333E1	-6.303516730E-2	-3.674290074E-3
1.696666667E1	-5.358496216E-2	-2.710485899E-3
1.700000000E1	-4.387259211E-2	-3.719124774E-3
1.703333333E1	-3.563792358E-2	-2.732961496E-3
1.706666667E1	-2.796600353E-2	-3.699282902E-3
1.710000000E1	-2.200392581E-2	-2.923435219E-3
1.713333333E1	-1.714034785E-2	-3.547578666E-3
1.716666667E1	-1.305668615E-2	-2.742804973E-3
1.720000000E1	-1.152908152E-2	-3.406102052E-3
1.723333333E1	-1.090183067E-2	-2.725764805E-3
1.726666667E1	-1.143817871E-2	-3.349823584E-3
1.730000000E1	-1.342583217E-2	-2.963156041E-3
1.733333333E1	-1.729998102E-2	-3.424823134E-3
1.736666667E1	-2.136057468E-2	-3.084304201E-3
1.740000000E1	-2.714702748E-2	-3.544835121E-3
1.743333333E1	-3.370761061E-2	-3.217199514E-3
1.746666667E1	-4.080985938E-2	-3.262005008E-3
1.750000000E1	-4.812787534E-2	-3.009033740E-3
1.753333333E1	-5.613247232E-2	-3.160497807E-3
1.756666667E1	-6.364265077E-2	-3.205906775E-3
1.760000000E1	-7.175238348E-2	-3.802446718E-3
1.763333333E1	-7.982050730E-2	-3.650798453E-3
1.766666667E1	-8.726734114E-2	-3.790408302E-3
1.770000000E1	-9.416663664E-2	-3.815223327E-3
1.773333333E1	-1.004158756E-1	-3.682989647E-3
1.776666667E1	-1.056003955E-1	-3.634344514E-3
1.780000000E1	-1.100443849E-1	-3.521436843E-3
1.783333333E1	-1.132385796E-1	-3.579202742E-3
1.786666667E1	-1.158749023E-1	-3.551225050E-3
1.790000000E1	-1.173020294E-1	-3.649746714E-3
1.793333333E1	-1.174406445E-1	-3.550565629E-3
1.796666667E1	-1.165604553E-1	-3.605037102E-3
1.800000000E1	-1.142398962E-1	-3.487319195E-3
1.803333333E1	-1.116610115E-1	-3.609137440E-3
1.806666667E1	-1.079493152E-1	-3.370301487E-3
1.810000000E1	-1.034931992E-1	-3.867002295E-3
1.813333333E1	-9.881779876E-2	-3.604323317E-3
1.816666667E1	-9.316146306E-2	-3.932435056E-3
1.820000000E1	-8.713279987E-2	-3.678519253E-3
1.823333333E1	-8.100208853E-2	-4.037771848E-3
1.826666667E1	-7.528689117E-2	-3.727237925E-3
1.830000000E1	-6.878970169E-2	-3.948487021E-3
1.833333333E1	-6.270857353E-2	-3.397494014E-3
1.836666667E1	-5.786998345E-2	-3.532494989E-3
1.840000000E1	-5.272729315E-2	-3.429325047E-3
1.843333333E1	-4.808841292E-2	-3.642777055E-3
1.846666667E1	-4.445755139E-2	-3.318282576E-3
1.850000000E1	-4.135444618E-2	-3.727843111E-3
1.853333333E1	-3.926680311E-2	-3.273408557E-3
1.856666667E1	-3.760774951E-2	-3.635694676E-3
1.860000000E1	-3.692263426E-2	-3.477635069E-3
1.863333333E1	-3.703176135E-2	-3.643270986E-3
1.866666667E1	-3.762498336E-2	-3.534862944E-3
1.870000000E1	-3.937324369E-2	-3.744272831E-3
1.873333333E1	-4.168013946E-2	-3.475562573E-3
1.876666667E1	-4.447499179E-2	-3.833028096E-3
1.880000000E1	-4.783676987E-2	-3.528412946E-3
1.883333333E1	-5.184459364E-2	-3.654012091E-3
1.886666667E1	-5.613542287E-2	-3.416225357E-3
1.890000000E1	-6.049995093E-2	-3.476730434E-3
1.893333333E1	-6.453039625E-2	-3.538061909E-3
1.896666667E1	-6.909270688E-2	-3.771882793E-3
1.900000000E1	-7.384597948E-2	-3.960728898E-3
1.903333333E1	-7.818398283E-2	-3.881208145E-3
1.906666667E1	-8.198944712E-2	-3.883806261E-3
1.910000000E1	-8.584365485E-2	-3.858459490E-3
1.913333333E1	-8.918929727E-2	-3.829712627E-3
1.916666667E1	-9.179916017E-2	-3.867695153E-3
1.920000000E1	-9.404693743E-2	-3.914052533E-3
1.923333333E1	-9.583611703E-2	-3.873617113E-3
1.926666667E1	-9.662383045E-2	-3.895699529E-3
1.930000000E1	-9.701452372E-2	-3.879466183E-3
1.933333333E1	-9.703992771E-2	-3.950233884E-3
1.936666667E1	-9.635287939E-2	-3.910707088E-3
1.940000000E1	-9.496176646E-2	-3.989519953E-3
1.943333333E1	-9.309249736E-2	-3.788842178E-3
1.946666667E1	-9.087453788E-2	-3.949565156E-3
1.950000000E1	-8.816049472E-2	-3.855645755E-3
1.953333333E1	-8.510865489E-2	-4.026337539E-3
1.956666667E1	-8.195391331E-2	-3.840114132E-3
1.960000000E1	-7.871162734E-2	-4.003237266E-3
1.963333333E1	-7.536672849E-2	-3.940443123E-3
1.966666667E1	-7.165416028E-2	-3.959723722E-3
1.970000000E1	-6.846076131E-2	-3.809482423E-3
1.973333333E1	-6.510635713E-2	-3.766945166E-3
1.976666667E1	-6.184883259E-2	-3.412459117E-3
1.980000000E1	-5.978941104E-2	-3.573445358E-3
1.983333333E1	-5.743826606E-2	-3.402646436E-3
1.986666667E1	-5.527429174E-2	-3.657915404E-3
1.990000000E1	-5.373217291E-2	-3.644594134E-3
1.993333333E1	-5.260986662E-2	-3.586308699E-3
1.996666667E1	-5.202450359E-2	-3.541806631E-3
2.000000000E1	-5.178189538E-2	-3.669882235E-3
2.003333333E1	-5.190774489E-2	-3.705923088E-3
2.006666667E1	-5.242936761E-2	-3.682515824E-3
2.010000000E1	-5.360026954E-2	-3.715676831E-3
2.013333333E1	-5.493584484E-2	-3.640527179E-3
2.016666667E1	-5.687257609E-2	-3.705260645E-3
2.020000000E1	-5.903313202E-2	-3.653474102E-3
2.023333333E1	-6.125454810E-2	-3.752644795E-3
2.026666667E1	-6.323808602E-2	-3.826525255E-3
2.030000000E1	-6.596291682E-2	-3.901561808E-3
2.033333333E1	-6.859906952E-2	-3.858794668E-3
2.036666667E1	-7.139786872E-2	-4.115293649E-3
2.040000000E1	-7.386201294E-2	-4.234162111E-3
2.043333333E1	-7.643008495E-2	-4.268095623E-3
2.046666667E1	-7.888075001E-2	-4.171353007E-3
2.050000000E1	-8.064503562E-2	-4.042127990E-3
2.053333333E1	-8.235747795E-2	-4.262359991E-3
2.056666667E1	-8.385718920E-2	-4.206009188E-3
2.060000000E1	-8.497550183E-2	-4.309410961E-3
2.063333333E1	-8.589118659E-2	-4.223680994E-3
2.066666667E1	-8.637287158E-2	-4.307116653E-3
2.070000000E1	-8.651216911E-2	-4.274551890E-3
2.073333333E1	-8.636132483E-2	-4.331758393E-3
2.076666667E1	-8.597646773E-2	-4.298770064E-3
2.080000000E1	-8.475440108E-2	-4.336195735E-3
2.083333333E1	-8.373210219E-2	-4.327960654E-3
2.086666667E1	-8.229483302E-2	-4.434473693E-3
2.090000000E1	-8.068377483E-2	-4.276693081E-3
2.093333333E1	-7.903803576E-2	-4.324933946E-3
2.096666667E1	-7.711961537E-2	-4.306018228E-3
2.100000000E1	-7.531713348E-2	-4.450061767E-3
2.103333333E1	-7.326790520E-2	-4.374907259E-3
2.106666667E1	-7.103963358E-2	-4.213980289E-3
2.110000000E1	-6.913234310E-2	-4.246782018E-3
2.113333333E1	-6.746922983E-2	-4.145692850E-3
2.116666667E1	-6.549862712E-2	-4.198225932E-3
2.120000000E1	-6.422487783E-2	-4.038672401E-3
2.123333333E1	-6.274885864E-2	-4.160590770E-3
2.126666667E1	-6.176893161E-2	-3.850063495E-3
2.130000000E1	-6.110892362E-2	-4.015025596E-3
2.133333333E1	-6.059215810E-2	-3.824666048E-3
2.136666667E1	-6.045301083E-2	-4.037753186E-3
2.140000000E1	-6.029193233E-2	-3.772110382E-3
2.143333333E1	-6.047704519E-2	-4.030408418E-3
2.146666667E1	-6.084140915E-2	-3.859416267E-3
2.150000000E1	-6.126224120E-2	-4.002664478E-3
2.153333333E1	-6.181449943E-2	-3.948588278E-3
2.156666667E1	-6.273471511E-2	-4.161907640E-3
2.160000000E1	-6.401281282E-2	-4.193519782E-3
2.163333333E1	-6.543176841E-2	-4.290583168E-3
2.166666667E1	-6.698244136E-2	-4.221121283E-3
2.170000000E1	-6.841056513E-2	-4.338663711E-3
2.173333333E1	-6.997977278E-2	-4.340764016E-3
2.176666667E1	-7.136577788E-2	-4.377234470E-3
2.180000000E1	-7.288771389E-2	-4.408659981E-3
2.183333333E1	-7.449897505E-2	-4.363525139E-3
2.186666667E1	-7.582629625E-2	-4.411978430E-3
2.190000000E1	-7.686260355E-2	-4.258719606E-3
2.193333333E1	-7.775998903E-2	-4.387449043E-3
2.196666667E1	-7.866133345E-2	-4.209033046E-3
2.200000000E1	-7.925229779E-2	-4.316625523E-3
2.203333333E1	-7.955411164E-2	-4.149388346E-3
2.206666667E1	-7.991559318E-2	-4.338507472E-3
2.210000000E1	-7.981572171E-2	-4.241134173E-3
2.213333333E1	-7.976588895E-2	-4.358456564E-3
2.216666667E1	-7.952921489E-2	-4.252975018E-3
2.220000000E1	-7.914418997E-2	-4.358873831E-3
2.223333333E1	-7.846427854E-2	-4.259354352E-3
2.226666667E1	-7.751944641E-2	-4.468701089E-3
2.230000000E1	-7.656340494E-2	-4.244970356E-3
2.233333333E1	-7.575894831E-2	-4.414835760E-3
2.236666667E1	-7.461221316E-2	-4.382122643E-3
2.240000000E1	-7.325296384E-2	-4.409639164E-3
2.243333333E1	-7.211771819E-2	-4.267155831E-3
2.246666667E1	-7.095824150E-2	-4.270390277E-3
2.250000000E1	-6.982150125E-2	-4.216231219E-3
2.253333333E1	-6.881665812E-2	-4.172272272E-3
2.256666667E1	-6.805941030E-2	-4.129922831E-3
2.260000000E1	-6.714743810E-2	-4.136901984E-3
2.263333333E1	-6.635671724E-2	-4.193379300E-3
2.266666667E1	-6.580226946E-2	-4.199887141E-3
2.270000000E1	-6.544331779E-2	-4.196380416E-3
2.273333333E1	-6.513378892E-2	-4.220503410E-3
2.276666667E1	-6.495920076E-2	-4.199146256E-3
2.280000000E1	-6.500957551E-2	-4.225770162E-3
2.283333333E1	-6.511619058E-2	-4.201954702E-3
2.286666667E1	-6.523969438E-2	-4.210512681E-3
2.290000000E1	-6.547867838E-2	-4.195746572E-3
2.293333333E1	-6.589602242E-2	-4.205687603E-3
2.296666667E1	-6.654306949E-2	-4.246593623E-3
2.300000000E1	-6.732822577E-2	-4.214383280E-3
2.303333333E1	-6.802891136E-2	-4.264210977E-3
2.306666667E1	-6.892309945E-2	-4.247909055E-3
2.310000000E1	-6.959118236E-2	-4.302442545E-3
2.313333333E1	-7.037404293E-2	-4.336881641E-3
2.316666667E1	-7.110554952E-2	-4.304871655E-3
2.320000000E1	-7.206188357E-2	-4.517893096E-3
2.323333333E1	-7.282367329E-2	-4.465409353E-3
2.326666667E1	-7.352778608E-2	-4.522592300E-3
2.330000000E1	-7.426004822E-2	-4.581640369E-3
2.333333333E1	-7.492338894E-2	-4.613178386E-3
2.336666667E1	-7.522313000E-2	-4.562659074E-3
2.340000000E1	-7.548707539E-2	-4.659695474E-3
2.343333333E1	-7.556892676E-2	-4.656543276E-3
2.346666667E1	-7.570585690E-2	-4.688224848E-3
2.350000000E1	-7.569881369E-2	-4.627961154E-3
2.353333333E1	-7.566629108E-2	-4.673990333E-3
2.356666667E1	-7.550455123E-2	-4.716369994E-3
2.360000000E1	-7.527444523E-2	-4.722344738E-3
2.363333333E1	-7.486834808E-2	-4.761249289E-3
2.366666667E1	-7.432617738E-2	-4.787964794E-3
2.370000000E1	-7.382410103E-2	-4.744482887E-3
2.373333333E1	-7.338745240E-2	-4.711483598E-3
2.376666667E1	-7.270309585E-2	-4.709216160E-3
2.380000000E1	-7.208612625E-2	-4.686486116E-3
2.383333333E1	-7.155259568E-2	-4.700152410E-3
2.386666667E1	-7.092450551E-2	-4.595172548E-3
2.390000000E1	-7.044369004E-2	-4.657826141E-3
2.393333333E1	-6.990159217E-2	-4.651974297E-3
2.396666667E1	-6.943389388E-2	-4.706364043E-3
2.400000000E1	-6.909411333E-2	-4.648343456E-3
2.403333333E1	-6.868911376E-2	-4.695323779E-3
2.406666667E1	-6.849873399E-2	-4.721299733E-3
2.410000000E1	-6.851241850E-2	-4.669679643E-3
2.413333333E1	-6.851006613E-2	-4.674669981E-3
2.416666667E1	-6.851408072E-2	-4.670271237E-3
2.420000000E1	-6.856718948E-2	-4.680455490E-3
2.423333333E1	-6.862551909E-2	-4.695348868E-3
2.426666667E1	-6.867939018E-2	-4.721596724E-3
2.430000000E1	-6.892536618E-2	-4.714580881E-3
2.433333333E1	-6.910316658E-2	-4.715413457E-3
2.436666667E1	-6.943951007E-2	-4.712925922E-3
2.440000000E1	-6.992446505E-2	-4.710578177E-3
2.443333333E1	-7.011245056E-2	-4.659378735E-3
2.446666667E1	-7.067919702E-2	-4.785950665E-3
2.450000000E1	-7.100636367E-2	-4.740938572E-3
2.453333333E1	-7.150154415E-2	-4.835076184E-3
2.456666667E1	-7.177471735E-2	-4.733743135E-3
2.460000000E1	-7.216828741E-2	-4.764828663E-3
2.463333333E1	-7.253446459E-2	-4.754030137E-3
2.466666667E1	-7.275679473E-2	-4.738533012E-3
2.470000000E1	-7.289049480E-2	-4.787102062E-3
2.473333333E1	-7.326169716E-2	-4.732293708E-3
2.476666667E1	-7.325014917E-2	-4.751621810E-3
2.480000000E1	-7.313820802E-2	-4.732753727E-3
2.483333333E1	-7.315582473E-2	-4.726462576E-3
2.486666667E1	-7.311317474E-2	-4.733202370E-3
2.490000000E1	-7.304640049E-2	-4.714199162E-3
2.493333333E1	-7.302303440E-2	-4.715128725E-3
2.496666667E1	-7.295285411E-2	-4.689249999E-3
2.500000000E1	-7.290710037E-2	-4.719749134E-3
2.503333333E1	-7.269216676E-2	-4.692939550E-3
2.506666667E1	-7.244916283E-2	-4.731771428E-3
2.510000000E1	-7.210269592E-2	-4.733233477E-3
2.513333333E1	-7.187894136E-2	-4.673477617E-3
2.516666667E1	-7.147093322E-2	-4.682347833E-3
2.520000000E1	-7.108349155E-2	-4.700999753E-3
2.523333333E1	-7.085105196E-2	-4.660103126E-3
2.526666667E1	-7.061828755E-2	-4.725611869E-3
2.530000000E1	-7.034925048E-2	-4.622842412E-3
2.533333333E1	-6.998391091E-2	-4.651122791E-3
2.536666667E1	-6.993639889E-2	-4.725824033E-3
2.540000000E1	-6.962035817E-2	-4.642528493E-3
2.543333333E1	-6.945738022E-2	-4.692377878E-3
2.546666667E1	-6.946950703E-2	-4.679732402E-3
2.550000000E1	-6.943157704E-2	-4.702533777E-3
2.553333333E1	-6.952525834E-2	-4.676508455E-3
2.556666667E1	-6.946268022E-2	-4.696962743E-3
2.560000000E1	-6.984350303E-2	-2.356543511E-3
