
+4.139500E-1
+5.399500E-1
+7.372000E-1
+1.147500E+0
+2.621176E+0
+2.190333E+0
+1.737000E+0
+2.495500E+0
+3.071000E+0
+3.277500E+0
+3.442000E+0
+3.741000E+0
+4.422500E+0
+5.086000E+0
+5.348500E+0
+6.107000E+0
+7.432000E+0
+9.899000E+0
+1.379800E+1
+1.946650E+1
+2.543700E+1
+2.897300E+1
+3.039800E+1
+3.080000E+1
+3.008400E+1
+2.968600E+1
+2.988950E+1
+2.994650E+1
+2.944050E+1
+2.962100E+1
+2.944500E+1
+2.776250E+1
+2.651550E+1
+2.450050E+1
+2.068900E+1
+1.426500E+1
+8.027000E+0
+4.672500E+0
+2.471000E+0
+4.845000E-1
+9.900000E-2
+1.820000E-1
+2.530000E-1
+1.159000E+0
+1.322000E+0
+1.096318E+0
+1.034500E-1
-7.095000E-2
-2.565000E-1
-4.962000E-1
-1.944224E+0


-9.417524E-1
-4.311000E-1
-2.310000E-1
-9.915000E-2
+4.250000E-3
+1.836545E-1
+5.545000E-1
+3.965000E-1
+2.590000E-1
+8.110000E-1
+1.236000E+0
+1.371500E+0
+1.918500E+0
+3.247500E+0
+5.281500E+0
+9.584500E+0
+1.512450E+1
+2.048500E+1
+2.501350E+1
+2.744550E+1
+2.952350E+1
+3.045450E+1
+2.971900E+1
+2.963750E+1
+2.962850E+1
+2.915950E+1
+2.955250E+1
+3.037950E+1
+3.069750E+1
+3.084050E+1
+2.877750E+1
+2.370650E+1
+1.733400E+1
+1.199800E+1
+8.829500E+0
+7.260500E+0
+6.481500E+0
+5.260500E+0
+4.334000E+0
+3.763500E+0
+3.567000E+0
+3.411500E+0
+3.079000E+0
+2.529000E+0
+2.268500E+0
+2.581000E+0
+2.490052E+0
+1.225450E+0
+7.413000E-1
+5.739500E-1
+4.583000E-1


