
+3.721000E-1
+4.558000E-1
+6.241000E-1
+8.503000E-1
+1.444700E+0
+2.680000E+0
+1.211000E+0
+2.263000E+0
+2.728000E+0
+3.414000E+0
+3.141000E+0
+3.743000E+0
+3.739000E+0
+5.106000E+0
+5.066000E+0
+5.631000E+0
+6.583000E+0
+8.281000E+0
+1.151700E+1
+1.607900E+1
+2.285400E+1
+2.802000E+1
+2.992600E+1
+3.087000E+1
+3.073000E+1
+2.943800E+1
+2.993400E+1
+2.984500E+1
+3.004800E+1
+2.883300E+1
+3.040900E+1
+2.848100E+1
+2.704400E+1
+2.598700E+1
+2.301400E+1
+1.836400E+1
+1.016600E+1
+5.888000E+0
+3.457000E+0
+1.485000E+0
-5.160000E-1
+7.140000E-1
-3.500000E-1
+8.560000E-1
+1.462000E+0
+1.182000E+0
+2.395000E-1
-3.260000E-2
-1.093000E-1
-4.037000E-1
-5.887000E-1
-2.012000E+0

-9.600000E-1
-5.768000E-1
-2.854000E-1
-1.766000E-1
-2.170000E-2
+3.020000E-2
+1.990000E-1
+9.100000E-1
-1.170000E-1
+6.350000E-1
+9.870000E-1
+1.485000E+0
+1.258000E+0
+2.579000E+0
+3.916000E+0
+6.647000E+0
+1.252200E+1
+1.772700E+1
+2.324300E+1
+2.678400E+1
+2.810700E+1
+3.094000E+1
+2.996900E+1
+2.946900E+1
+2.980600E+1
+2.945100E+1
+2.886800E+1
+3.023700E+1
+3.052200E+1
+3.087300E+1
+3.080800E+1
+2.674700E+1
+2.066600E+1
+1.400200E+1
+9.994000E+0
+7.665000E+0
+6.856000E+0
+6.107000E+0
+4.414000E+0
+4.254000E+0
+3.273000E+0
+3.861000E+0
+2.962000E+0
+3.196000E+0
+1.862000E+0
+2.675000E+0
+2.534000E+0
+1.611100E+0
+8.398000E-1
+6.428000E-1
+5.051000E-1
+4.115000E-1

