0.01
0.06
0.11
0.18
0.28
0.44
0.46
0.47
0.50
0.53
0.57
0.60
0.64
0.69
0.74
0.80
0.87
0.94
1.04
1.17
1.35
1.61
1.93
2.27
2.62
2.97
3.31
3.65
3.99
4.33
4.66
5.00
5.33
5.64
5.93
6.19
6.40
6.52
6.59
6.63
6.64
6.64
6.65
6.64
6.65
6.67
6.68
6.71
6.70
6.69
6.65
6.58
6.57
6.57
6.58
6.64
6.67
6.69
6.70
6.69
6.69
6.68
6.68
6.67
6.66
6.65
6.63
6.60
6.56
6.48
6.34
6.14
5.87
5.57
5.25
4.90
4.55
4.22
3.88
3.54
3.22
2.87
2.52
2.17
1.82
1.52
1.28
1.12
1.01
0.92
0.84
0.77
0.72
0.67
0.64
0.59
0.56
0.52
0.50
0.47
0.46
0.27
0.18
0.10
0.05
0.00
0.00
