+1.756519E-2
+1.757334E-2
+1.758142E-2
+1.759542E-2
+1.761118E-2
+1.764034E-2
+1.764364E-2
+1.764543E-2
+1.764950E-2
+1.765651E-2
+1.766266E-2
+1.766901E-2
+1.767596E-2
+1.768356E-2
+1.769371E-2
+1.770348E-2
+1.771479E-2
+1.772815E-2
+1.774468E-2
+1.776755E-2
+1.780060E-2
+1.784557E-2
+1.790147E-2
+1.796182E-2
+1.802340E-2
+1.808459E-2
+1.814345E-2
+1.820308E-2
+1.826296E-2
+1.832310E-2
+1.838050E-2
+1.844357E-2
+1.849918E-2
+1.855318E-2
+1.860480E-2
+1.865092E-2
+1.868764E-2
+1.870761E-2
+1.871924E-2
+1.872663E-2
+1.872935E-2
+1.872856E-2
+1.873000E-2
+1.872915E-2
+1.873348E-2
+1.873371E-2
+1.873639E-2
+1.874100E-2
+1.874002E-2
+1.873782E-2
+1.873142E-2
+1.871842E-2
+1.871696E-2
+1.871680E-2
+1.871762E-2
+1.872919E-2
+1.873479E-2
+1.873837E-2
+1.873864E-2
+1.873842E-2
+1.873784E-2
+1.873650E-2
+1.873627E-2
+1.873482E-2
+1.873277E-2
+1.872971E-2
+1.872747E-2
+1.872231E-2
+1.871471E-2
+1.870166E-2
+1.867619E-2
+1.864154E-2
+1.859457E-2
+1.854069E-2
+1.848487E-2
+1.842260E-2
+1.836265E-2
+1.830430E-2
+1.824411E-2
+1.818493E-2
+1.812777E-2
+1.806676E-2
+1.800559E-2
+1.794445E-2
+1.788232E-2
+1.782890E-2
+1.778772E-2
+1.776147E-2
+1.773978E-2
+1.772477E-2
+1.771058E-2
+1.769828E-2
+1.768967E-2
+1.768160E-2
+1.767461E-2
+1.766674E-2
+1.766117E-2
+1.765441E-2
+1.765070E-2
+1.764544E-2
+1.764285E-2
+1.761139E-2
+1.759411E-2
+1.758134E-2
+1.757105E-2
+1.756311E-2
+1.756311E-2
