+1.756446E-2
+1.757106E-2
+1.758096E-2
+1.759092E-2
+1.761055E-2
+1.763912E-2
+1.764096E-2
+1.764414E-2
+1.764879E-2
+1.765382E-2
+1.766044E-2
+1.766572E-2
+1.767486E-2
+1.768207E-2
+1.769254E-2
+1.770195E-2
+1.771407E-2
+1.772714E-2
+1.774367E-2
+1.776682E-2
+1.779719E-2
+1.784441E-2
+1.790057E-2
+1.796046E-2
+1.802230E-2
+1.808350E-2
+1.814235E-2
+1.820241E-2
+1.826206E-2
+1.832206E-2
+1.838021E-2
+1.844022E-2
+1.849756E-2
+1.855167E-2
+1.860368E-2
+1.864969E-2
+1.868651E-2
+1.870648E-2
+1.871854E-2
+1.872546E-2
+1.872801E-2
+1.872733E-2
+1.872811E-2
+1.872792E-2
+1.872782E-2
+1.873264E-2
+1.873507E-2
+1.873955E-2
+1.873931E-2
+1.873740E-2
+1.872415E-2
+1.871720E-2
+1.871478E-2
+1.871572E-2
+1.871675E-2
+1.872786E-2
+1.873352E-2
+1.873726E-2
+1.873804E-2
+1.873709E-2
+1.873683E-2
+1.873407E-2
+1.873519E-2
+1.873386E-2
+1.873225E-2
+1.872925E-2
+1.872646E-2
+1.872143E-2
+1.871367E-2
+1.869953E-2
+1.867530E-2
+1.863824E-2
+1.859303E-2
+1.853976E-2
+1.848332E-2
+1.842082E-2
+1.836193E-2
+1.830209E-2
+1.824311E-2
+1.818434E-2
+1.812607E-2
+1.806620E-2
+1.800523E-2
+1.794326E-2
+1.788140E-2
+1.782820E-2
+1.778686E-2
+1.775780E-2
+1.773866E-2
+1.772320E-2
+1.770979E-2
+1.769770E-2
+1.768866E-2
+1.768009E-2
+1.767327E-2
+1.766558E-2
+1.765909E-2
+1.765330E-2
+1.764983E-2
+1.764454E-2
+1.764188E-2
+1.760875E-2
+1.759272E-2
+1.757963E-2
+1.757004E-2
+1.756151E-2
+1.756151E-2
