+1.756469E-2
+1.757213E-2
+1.758125E-2
+1.759373E-2
+1.761074E-2
+1.763963E-2
+1.764231E-2
+1.764473E-2
+1.764926E-2
+1.765472E-2
+1.766154E-2
+1.766783E-2
+1.767531E-2
+1.768279E-2
+1.769300E-2
+1.770313E-2
+1.771440E-2
+1.772756E-2
+1.774412E-2
+1.776716E-2
+1.779932E-2
+1.784502E-2
+1.790106E-2
+1.796092E-2
+1.802266E-2
+1.808412E-2
+1.814299E-2
+1.820286E-2
+1.826255E-2
+1.832265E-2
+1.838031E-2
+1.844113E-2
+1.849809E-2
+1.855218E-2
+1.860415E-2
+1.865018E-2
+1.868691E-2
+1.870724E-2
+1.871902E-2
+1.872593E-2
+1.872890E-2
+1.872787E-2
+1.872930E-2
+1.872860E-2
+1.873031E-2
+1.873323E-2
+1.873560E-2
+1.874039E-2
+1.873974E-2
+1.873755E-2
+1.872948E-2
+1.871770E-2
+1.871569E-2
+1.871613E-2
+1.871709E-2
+1.872863E-2
+1.873434E-2
+1.873787E-2
+1.873830E-2
+1.873770E-2
+1.873730E-2
+1.873548E-2
+1.873571E-2
+1.873444E-2
+1.873247E-2
+1.872950E-2
+1.872698E-2
+1.872183E-2
+1.871399E-2
+1.870070E-2
+1.867566E-2
+1.864020E-2
+1.859372E-2
+1.854015E-2
+1.848393E-2
+1.842205E-2
+1.836212E-2
+1.830318E-2
+1.824357E-2
+1.818466E-2
+1.812693E-2
+1.806645E-2
+1.800541E-2
+1.794366E-2
+1.788205E-2
+1.782855E-2
+1.778722E-2
+1.775922E-2
+1.773923E-2
+1.772390E-2
+1.771019E-2
+1.769797E-2
+1.768915E-2
+1.768064E-2
+1.767409E-2
+1.766637E-2
+1.766045E-2
+1.765405E-2
+1.765033E-2
+1.764498E-2
+1.764245E-2
+1.761022E-2
+1.759343E-2
+1.758057E-2
+1.757047E-2
+1.756224E-2
+1.756224E-2
