+2.712490E-7
+8.303156E-7
+1.734359E-7
+1.646456E-6
+2.261327E-7
+4.823857E-7
+8.585197E-7
+4.903305E-7
+2.602307E-7
+9.341649E-7
+8.816485E-7
+1.173518E-6
+3.997199E-7
+4.909175E-7
+3.934666E-7
+5.943265E-7
+2.815386E-7
+3.492506E-7
+3.911317E-7
+2.396164E-7
+1.260930E-6
+3.937309E-7
+2.872351E-7
+5.023783E-7
+3.840104E-7
+4.484016E-7
+4.639138E-7
+2.340085E-7
+3.360952E-7
+3.901589E-7
+1.041921E-7
+1.231958E-6
+5.813570E-7
+5.375872E-7
+4.520885E-7
+4.329157E-7
+4.064480E-7
+4.023630E-7
+2.483868E-7
+3.982662E-7
+4.801416E-7
+4.225636E-7
+6.610113E-7
+4.904039E-7
+1.913405E-6
+3.821309E-7
+5.014938E-7
+5.410878E-7
+2.569514E-7
+1.475127E-7
+2.684553E-6
+4.065661E-7
+7.110556E-7
+3.804944E-7
+3.193368E-7
+5.633258E-7
+4.345388E-7
+3.585192E-7
+1.945662E-7
+4.440450E-7
+3.372240E-7
+9.136520E-7
+3.857771E-7
+3.275118E-7
+1.728583E-7
+1.646815E-7
+3.576367E-7
+3.579162E-7
+3.830718E-7
+6.965630E-7
+2.909708E-7
+1.090402E-6
+5.336141E-7
+3.035391E-7
+5.356342E-7
+6.412363E-7
+2.741970E-7
+8.214962E-7
+3.982763E-7
+2.069396E-7
+5.695050E-7
+1.948948E-7
+1.378405E-7
+4.288869E-7
+3.328904E-7
+2.429486E-7
+2.861748E-7
+1.543624E-6
+3.796314E-7
+6.098852E-7
+2.630133E-7
+2.211425E-7
+4.137922E-7
+5.472257E-7
+5.515941E-7
+4.147288E-7
+7.095238E-7
+4.313050E-7
+3.301515E-7
+3.109341E-7
+3.189106E-7
+8.651381E-7
+5.781834E-7
+5.696455E-7
+3.626017E-7
+5.426601E-7
+5.426601E-7
