
+1.147354E-2
+1.156831E-2
+1.155139E-2
+1.171723E-2
+1.150739E-2
+1.160892E-2
+1.143970E-2
+1.509498E-2
+8.156706E-3
+1.116893E-2
+1.228583E-2
+1.198122E-2
+1.086433E-2
+1.150739E-2
+1.035665E-2
+1.319965E-2
+1.255659E-2
+9.781278E-3
+1.350426E-2
+1.174430E-2
+1.160892E-2
+1.140585E-2
+1.072895E-2
+1.242121E-2
+1.032280E-2
+1.391040E-2
+1.133816E-2
+1.177815E-2
+1.198122E-2
+1.150739E-2
+1.123662E-2
+1.103355E-2
+1.127047E-2
+1.218429E-2
+1.184584E-2
+1.133816E-2
+1.154123E-2
+1.208276E-2
+1.123662E-2
+1.150739E-2
+1.143970E-2
+1.191353E-2
+1.171046E-2
+1.292889E-2
+1.198122E-2
+1.196430E-2
+1.187292E-2
+1.183569E-2
+1.185261E-2
+1.188645E-2
+1.516267E-2
+2.377044E-1

+1.178830E-2
+1.178492E-2
+1.177138E-2
+1.174092E-2
+1.180522E-2
+1.262428E-2
+1.231967E-2
+1.245505E-2
+1.028896E-2
+1.299658E-2
+1.130431E-2
+1.167661E-2
+1.083048E-2
+1.171046E-2
+1.245505E-2
+1.248890E-2
+1.225198E-2
+1.150739E-2
+1.187968E-2
+1.032280E-2
+1.198122E-2
+1.099971E-2
+1.096586E-2
+1.286120E-2
+1.468884E-2
+7.615182E-3
+1.407963E-2
+1.106740E-2
+1.228583E-2
+1.113509E-2
+1.110124E-2
+1.194737E-2
+1.208276E-2
+1.147354E-2
+1.167661E-2
+1.150739E-2
+1.252274E-2
+1.127047E-2
+1.211660E-2
+1.123662E-2
+1.015358E-2
+1.333503E-2
+1.127047E-2
+1.252274E-2
+1.282735E-2
+1.076279E-2
+1.190676E-2
+1.151416E-2
+1.174092E-2
+1.155477E-2
+1.142277E-2
+1.142277E-2

