
-3.245119E-1
+1.133529E-2
+1.151973E-2
+1.155865E-2
+2.237122E-1
+1.581312E-1
+8.680409E-3
+1.152312E-2
+1.326597E-2
+1.162464E-2
+9.661819E-3
+1.172617E-2
+1.213227E-2
+1.142159E-2
+1.118470E-2
+1.093088E-2
+1.177693E-2
+1.287679E-2
+1.116778E-2
+1.164156E-2
+1.262297E-2
+1.167540E-2
+1.150619E-2
+1.106625E-2
+1.157388E-2
+1.137083E-2
+1.211535E-2
+1.262297E-2
+1.155696E-2
+1.187845E-2
+1.174309E-2
+1.137083E-2
+1.113394E-2
+1.115086E-2
+1.172617E-2
+1.201382E-2
+1.159080E-2
+1.143851E-2
+1.181077E-2
+1.165848E-2
+1.137083E-2
+1.147235E-2
+1.167540E-2
+1.181077E-2
+1.231840E-2
+1.186123E-2
+6.580528E-3
+1.191737E-2
+1.185307E-2
+1.184292E-2
+2.269495E-1


+2.415817E-3
+6.216729E-3
+1.178539E-2
+1.177693E-2
+1.175493E-2
+1.083764E-1
+6.533150E-2
+1.247068E-2
+1.238608E-2
+1.137083E-2
+1.164156E-2
+1.214919E-2
+1.148927E-2
+1.125238E-2
+1.126930E-2
+1.208150E-2
+1.247068E-2
+1.236916E-2
+1.187845E-2
+1.169232E-2
+1.110009E-2
+1.115086E-2
+1.148927E-2
+1.098165E-2
+1.191230E-2
+1.377359E-2
+1.115086E-2
+1.084628E-2
+1.257221E-2
+1.167540E-2
+1.170925E-2
+1.111701E-2
+1.152312E-2
+1.201382E-2
+1.177693E-2
+1.157388E-2
+1.159080E-2
+1.201382E-2
+1.189537E-2
+1.169232E-2
+1.167540E-2
+1.069399E-2
+1.174309E-2
+1.230148E-2
+1.189537E-2
+2.127518E-2
+2.445614E-2
+6.221806E-3
+1.170925E-2
+1.162633E-2
+1.148877E-2


