
+3.309000E+0
+3.390000E+0
+3.418000E+0
+3.413000E+0
+3.462000E+0
+3.400000E+0
+3.430000E+0
+3.380000E+0
+4.460000E+0
+2.410000E+0
+3.300000E+0
+3.630000E+0
+3.540000E+0
+3.210000E+0
+3.400000E+0
+3.060000E+0
+3.900000E+0
+3.710000E+0
+2.890000E+0
+3.990000E+0
+3.470000E+0
+3.430000E+0
+3.370000E+0
+3.170000E+0
+3.670000E+0
+3.050000E+0
+4.110000E+0
+3.350000E+0
+3.480000E+0
+3.540000E+0
+3.400000E+0
+3.320000E+0
+3.260000E+0
+3.330000E+0
+3.600000E+0
+3.500000E+0
+3.350000E+0
+3.410000E+0
+3.570000E+0
+3.320000E+0
+3.400000E+0
+3.380000E+0
+3.520000E+0
+3.460000E+0
+3.820000E+0
+3.540000E+0
+3.535000E+0
+3.508000E+0
+3.497000E+0
+3.502000E+0
+3.512000E+0
+4.480000E+0

+3.820000E+0
+3.483000E+0
+3.482000E+0
+3.478000E+0
+3.469000E+0
+3.488000E+0
+3.730000E+0
+3.640000E+0
+3.680000E+0
+3.040000E+0
+3.840000E+0
+3.340000E+0
+3.450000E+0
+3.200000E+0
+3.460000E+0
+3.680000E+0
+3.690000E+0
+3.620000E+0
+3.400000E+0
+3.510000E+0
+3.050000E+0
+3.540000E+0
+3.250000E+0
+3.240000E+0
+3.800000E+0
+4.340000E+0
+2.250000E+0
+4.160000E+0
+3.270000E+0
+3.630000E+0
+3.290000E+0
+3.280000E+0
+3.530000E+0
+3.570000E+0
+3.390000E+0
+3.450000E+0
+3.400000E+0
+3.700000E+0
+3.330000E+0
+3.580000E+0
+3.320000E+0
+3.000000E+0
+3.940000E+0
+3.330000E+0
+3.700000E+0
+3.790000E+0
+3.180000E+0
+3.518000E+0
+3.402000E+0
+3.469000E+0
+3.414000E+0
+3.375000E+0

