
+3.309000E-6
+3.390000E-6
+3.418000E-6
+3.413000E-6
+3.462000E-6
+3.400000E-6
+3.430000E-6
+3.380000E-6
+4.460000E-6
+2.410000E-6
+3.300000E-6
+3.630000E-6
+3.540000E-6
+3.210000E-6
+3.400000E-6
+3.060000E-6
+3.900000E-6
+3.710000E-6
+2.890000E-6
+3.990000E-6
+3.470000E-6
+3.430000E-6
+3.370000E-6
+3.170000E-6
+3.670000E-6
+3.050000E-6
+4.110000E-6
+3.350000E-6
+3.480000E-6
+3.540000E-6
+3.400000E-6
+3.320000E-6
+3.260000E-6
+3.330000E-6
+3.600000E-6
+3.500000E-6
+3.350000E-6
+3.410000E-6
+3.570000E-6
+3.320000E-6
+3.400000E-6
+3.380000E-6
+3.520000E-6
+3.460000E-6
+3.820000E-6
+3.540000E-6
+3.535000E-6
+3.508000E-6
+3.497000E-6
+3.502000E-6
+3.512000E-6
+4.480000E-6

+3.820000E-6
+3.483000E-6
+3.482000E-6
+3.478000E-6
+3.469000E-6
+3.488000E-6
+3.730000E-6
+3.640000E-6
+3.680000E-6
+3.040000E-6
+3.840000E-6
+3.340000E-6
+3.450000E-6
+3.200000E-6
+3.460000E-6
+3.680000E-6
+3.690000E-6
+3.620000E-6
+3.400000E-6
+3.510000E-6
+3.050000E-6
+3.540000E-6
+3.250000E-6
+3.240000E-6
+3.800000E-6
+4.340000E-6
+2.250000E-6
+4.160000E-6
+3.270000E-6
+3.630000E-6
+3.290000E-6
+3.280000E-6
+3.530000E-6
+3.570000E-6
+3.390000E-6
+3.450000E-6
+3.400000E-6
+3.700000E-6
+3.330000E-6
+3.580000E-6
+3.320000E-6
+3.000000E-6
+3.940000E-6
+3.330000E-6
+3.700000E-6
+3.790000E-6
+3.180000E-6
+3.518000E-6
+3.402000E-6
+3.469000E-6
+3.414000E-6
+3.375000E-6

