+2.954930E-2
+2.961548E-2
+2.968328E-2
+2.975164E-2
+2.981990E-2
+2.988914E-2
+2.989254E-2
+2.989940E-2
+2.990616E-2
+2.991508E-2
+2.991990E-2
+2.992650E-2
+2.993376E-2
+2.994084E-2
+2.994726E-2
+2.995406E-2
+2.996018E-2
+2.996798E-2
+2.997540E-2
+2.998118E-2
+2.998916E-2
+2.999610E-2
+3.000296E-2
+3.000970E-2
+3.001604E-2
+3.002338E-2
+3.002948E-2
+3.003770E-2
+3.004440E-2
+3.005136E-2
+3.005844E-2
+3.006524E-2
+3.007188E-2
+3.007840E-2
+3.008506E-2
+3.009226E-2
+3.009926E-2
+3.010596E-2
+3.011278E-2
+3.011992E-2
+3.012656E-2
+3.013336E-2
+3.014012E-2
+3.014716E-2
+3.015408E-2
+3.016172E-2
+3.016880E-2
+3.023950E-2
+3.030966E-2
+3.037960E-2
+3.044964E-2
+3.051988E-2
+3.052436E-2
+3.052362E-2
+3.051980E-2
+3.045014E-2
+3.038050E-2
+3.031094E-2
+3.024156E-2
+3.017180E-2
+3.016434E-2
+3.015706E-2
+3.014970E-2
+3.014362E-2
+3.013594E-2
+3.012926E-2
+3.012236E-2
+3.011596E-2
+3.010904E-2
+3.010168E-2
+3.009430E-2
+3.008706E-2
+3.008026E-2
+3.007324E-2
+3.006714E-2
+3.006006E-2
+3.005356E-2
+3.004708E-2
+3.003948E-2
+3.003080E-2
+3.002630E-2
+3.001798E-2
+3.001144E-2
+3.000418E-2
+2.999760E-2
+2.999104E-2
+2.998398E-2
+2.997684E-2
+2.997006E-2
+2.996316E-2
+2.995636E-2
+2.994896E-2
+2.994230E-2
+2.993514E-2
+2.992850E-2
+2.992250E-2
+2.991462E-2
+2.990796E-2
+2.990056E-2
+2.989298E-2
+2.988980E-2
+2.981944E-2
+2.975140E-2
+2.968202E-2
+2.961374E-2
+2.954624E-2
+2.954624E-2
