+3.346640E-7
+4.791659E-7
+4.400000E-7
+3.720215E-7
+5.403702E-7
+1.854724E-7
+5.678028E-7
+2.280351E-7
+1.496663E-7
+1.336263E-6
+6.542171E-7
+4.516636E-7
+2.059126E-7
+6.118823E-7
+2.244994E-7
+4.758151E-7
+1.833030E-7
+3.655133E-7
+8.944272E-8
+1.279687E-6
+4.841487E-7
+2.898275E-7
+1.624808E-7
+2.828427E-7
+5.425864E-7
+1.326650E-7
+1.265543E-6
+2.607681E-7
+5.403702E-7
+5.083306E-7
+4.882622E-7
+5.748043E-7
+4.621688E-7
+5.761944E-7
+6.974238E-7
+7.552483E-7
+5.713143E-7
+5.238320E-7
+6.615134E-7
+8.953212E-7
+4.176123E-7
+6.711185E-7
+1.469694E-7
+4.317407E-7
+1.000800E-6
+7.359348E-7
+7.823043E-7
+6.572671E-7
+3.382307E-7
+6.957011E-7
+5.238320E-7
+1.260793E-6
+3.382307E-7
+3.249615E-7
+4.049691E-7
+4.800000E-7
+4.774935E-7
+1.959592E-7
+5.351635E-7
+4.604346E-7
+3.773592E-7
+7.002857E-7
+2.366432E-7
+6.177378E-7
+8.000000E-8
+2.653300E-7
+3.382307E-7
+5.986652E-7
+5.083306E-7
+5.192302E-7
+4.516636E-7
+3.006659E-7
+3.611094E-7
+2.939388E-7
+7.418895E-7
+4.715930E-7
+3.440930E-7
+3.544009E-7
+7.678542E-7
+4.557192E-6
+6.480741E-7
+7.600000E-7
+2.059126E-7
+4.833218E-7
+5.329165E-7
+5.678028E-7
+4.578209E-7
+5.425864E-7
+5.817216E-7
+3.773592E-7
+3.200000E-7
+5.161395E-7
+2.529822E-7
+1.624808E-7
+9.939819E-7
+2.036664E-6
+7.359348E-7
+8.309031E-7
+4.543127E-7
+4.621688E-7
+2.898275E-7
+1.009158E-6
+6.033241E-7
+4.915282E-7
+8.000000E-8
+6.858571E-7
+6.858571E-7
