+2.954890E-2
+2.961470E-2
+2.968270E-2
+2.975120E-2
+2.981920E-2
+2.988890E-2
+2.989150E-2
+2.989900E-2
+2.990600E-2
+2.991370E-2
+2.991910E-2
+2.992600E-2
+2.993340E-2
+2.994000E-2
+2.994710E-2
+2.995360E-2
+2.996000E-2
+2.996740E-2
+2.997530E-2
+2.997900E-2
+2.998850E-2
+2.999560E-2
+3.000270E-2
+3.000930E-2
+3.001520E-2
+3.002320E-2
+3.002710E-2
+3.003730E-2
+3.004370E-2
+3.005060E-2
+3.005780E-2
+3.006460E-2
+3.007100E-2
+3.007770E-2
+3.008420E-2
+3.009150E-2
+3.009820E-2
+3.010510E-2
+3.011170E-2
+3.011870E-2
+3.012600E-2
+3.013220E-2
+3.013990E-2
+3.014640E-2
+3.015230E-2
+3.016100E-2
+3.016790E-2
+3.023840E-2
+3.030940E-2
+3.037840E-2
+3.044890E-2
+3.051810E-2
+3.052400E-2
+3.052310E-2
+3.051900E-2
+3.044930E-2
+3.037980E-2
+3.031070E-2
+3.024090E-2
+3.017120E-2
+3.016400E-2
+3.015610E-2
+3.014940E-2
+3.014290E-2
+3.013590E-2
+3.012880E-2
+3.012200E-2
+3.011530E-2
+3.010830E-2
+3.010100E-2
+3.009390E-2
+3.008670E-2
+3.007970E-2
+3.007270E-2
+3.006590E-2
+3.005960E-2
+3.005310E-2
+3.004670E-2
+3.003820E-2
+3.002220E-2
+3.002540E-2
+3.001700E-2
+3.001120E-2
+3.000350E-2
+2.999680E-2
+2.999040E-2
+2.998320E-2
+2.997610E-2
+2.996930E-2
+2.996270E-2
+2.995590E-2
+2.994830E-2
+2.994180E-2
+2.993490E-2
+2.992730E-2
+2.991970E-2
+2.991360E-2
+2.990690E-2
+2.989990E-2
+2.989250E-2
+2.988950E-2
+2.981800E-2
+2.975040E-2
+2.968170E-2
+2.961360E-2
+2.954520E-2
+2.954520E-2
