2.954930E+4
2.961548E+4
2.968328E+4
2.975164E+4
2.981990E+4
2.988914E+4
2.989254E+4
2.989940E+4
2.990616E+4
2.991508E+4
2.991990E+4
2.992650E+4
2.993376E+4
2.994084E+4
2.994726E+4
2.995406E+4
2.996018E+4
2.996798E+4
2.997540E+4
2.998118E+4
2.998916E+4
2.999610E+4
3.000296E+4
3.000970E+4
3.001604E+4
3.002338E+4
3.002948E+4
3.003770E+4
3.004440E+4
3.005136E+4
3.005844E+4
3.006524E+4
3.007188E+4
3.007840E+4
3.008506E+4
3.009226E+4
3.009926E+4
3.010596E+4
3.011278E+4
3.011992E+4
3.012656E+4
3.013336E+4
3.014012E+4
3.014716E+4
3.015408E+4
3.016172E+4
3.016880E+4
3.023950E+4
3.030966E+4
3.037960E+4
3.044964E+4
3.051988E+4
3.052436E+4
3.052362E+4
3.051980E+4
3.045014E+4
3.038050E+4
3.031094E+4
3.024156E+4
3.017180E+4
3.016434E+4
3.015706E+4
3.014970E+4
3.014362E+4
3.013594E+4
3.012926E+4
3.012236E+4
3.011596E+4
3.010904E+4
3.010168E+4
3.009430E+4
3.008706E+4
3.008026E+4
3.007324E+4
3.006714E+4
3.006006E+4
3.005356E+4
3.004708E+4
3.003948E+4
3.003080E+4
3.002630E+4
3.001798E+4
3.001144E+4
3.000418E+4
2.999760E+4
2.999104E+4
2.998398E+4
2.997684E+4
2.997006E+4
2.996316E+4
2.995636E+4
2.994896E+4
2.994230E+4
2.993514E+4
2.992850E+4
2.992250E+4
2.991462E+4
2.990796E+4
2.990056E+4
2.989298E+4
2.988980E+4
2.981944E+4
2.975140E+4
2.968202E+4
2.961374E+4
2.954624E+4
2.954624E+4
