
+3.349500E+0
+3.404000E+0
+3.415500E+0
+3.437500E+0
+3.402952E+0
+3.410000E+0
+3.405000E+0
+3.920000E+0
+3.435000E+0
+2.855000E+0
+3.465000E+0
+3.585000E+0
+3.375000E+0
+3.305000E+0
+3.230000E+0
+3.480000E+0
+3.805000E+0
+3.300000E+0
+3.440000E+0
+3.730000E+0
+3.450000E+0
+3.400000E+0
+3.270000E+0
+3.420000E+0
+3.360000E+0
+3.580000E+0
+3.730000E+0
+3.415000E+0
+3.510000E+0
+3.470000E+0
+3.360000E+0
+3.290000E+0
+3.295000E+0
+3.465000E+0
+3.550000E+0
+3.425000E+0
+3.380000E+0
+3.490000E+0
+3.445000E+0
+3.360000E+0
+3.390000E+0
+3.450000E+0
+3.490000E+0
+3.640000E+0
+3.680000E+0
+3.539545E+0
+3.521500E+0
+3.502500E+0
+3.499500E+0
+3.507000E+0
+4.433905E+0


+3.803952E+0
+3.482500E+0
+3.480000E+0
+3.473500E+0
+3.478500E+0
+3.708000E+0
+3.685000E+0
+3.660000E+0
+3.360000E+0
+3.440000E+0
+3.590000E+0
+3.395000E+0
+3.325000E+0
+3.330000E+0
+3.570000E+0
+3.685000E+0
+3.655000E+0
+3.510000E+0
+3.455000E+0
+3.280000E+0
+3.295000E+0
+3.395000E+0
+3.245000E+0
+3.520000E+0
+4.070000E+0
+3.295000E+0
+3.205000E+0
+3.715000E+0
+3.450000E+0
+3.460000E+0
+3.285000E+0
+3.405000E+0
+3.550000E+0
+3.480000E+0
+3.420000E+0
+3.425000E+0
+3.550000E+0
+3.515000E+0
+3.455000E+0
+3.450000E+0
+3.160000E+0
+3.470000E+0
+3.635000E+0
+3.515000E+0
+3.745000E+0
+3.383333E+0
+3.196095E+0
+3.460000E+0
+3.435500E+0
+3.441500E+0
+3.394500E+0


