
+3.349500E-6
+3.404000E-6
+3.415500E-6
+3.437500E-6
+3.402952E-6
+3.410000E-6
+3.405000E-6
+3.920000E-6
+3.435000E-6
+2.855000E-6
+3.465000E-6
+3.585000E-6
+3.375000E-6
+3.305000E-6
+3.230000E-6
+3.480000E-6
+3.805000E-6
+3.300000E-6
+3.440000E-6
+3.730000E-6
+3.450000E-6
+3.400000E-6
+3.270000E-6
+3.420000E-6
+3.360000E-6
+3.580000E-6
+3.730000E-6
+3.415000E-6
+3.510000E-6
+3.470000E-6
+3.360000E-6
+3.290000E-6
+3.295000E-6
+3.465000E-6
+3.550000E-6
+3.425000E-6
+3.380000E-6
+3.490000E-6
+3.445000E-6
+3.360000E-6
+3.390000E-6
+3.450000E-6
+3.490000E-6
+3.640000E-6
+3.680000E-6
+3.539545E-6
+3.521500E-6
+3.502500E-6
+3.499500E-6
+3.507000E-6
+4.433905E-6


+3.803952E-6
+3.482500E-6
+3.480000E-6
+3.473500E-6
+3.478500E-6
+3.708000E-6
+3.685000E-6
+3.660000E-6
+3.360000E-6
+3.440000E-6
+3.590000E-6
+3.395000E-6
+3.325000E-6
+3.330000E-6
+3.570000E-6
+3.685000E-6
+3.655000E-6
+3.510000E-6
+3.455000E-6
+3.280000E-6
+3.295000E-6
+3.395000E-6
+3.245000E-6
+3.520000E-6
+4.070000E-6
+3.295000E-6
+3.205000E-6
+3.715000E-6
+3.450000E-6
+3.460000E-6
+3.285000E-6
+3.405000E-6
+3.550000E-6
+3.480000E-6
+3.420000E-6
+3.425000E-6
+3.550000E-6
+3.515000E-6
+3.455000E-6
+3.450000E-6
+3.160000E-6
+3.470000E-6
+3.635000E-6
+3.515000E-6
+3.745000E-6
+3.383333E-6
+3.196095E-6
+3.460000E-6
+3.435500E-6
+3.441500E-6
+3.394500E-6


