-4.023169E+0
-3.452507E+0
-2.881844E+0
-2.311182E+0
-1.740520E+0
-1.169858E+0
-1.141325E+0
-1.084258E+0
-1.027192E+0
-9.701258E-1
-9.130596E-1
-8.559934E-1
-7.989272E-1
-7.418609E-1
-6.847947E-1
-6.277285E-1
-5.706623E-1
-5.135960E-1
-4.565298E-1
-3.994636E-1
-3.423974E-1
-2.853311E-1
-2.282649E-1
-1.711987E-1
-1.141325E-1
-5.706623E-2
+0.000000E+0
+5.706623E-2
+1.141325E-1
+1.711987E-1
+2.282649E-1
+2.853311E-1
+3.423974E-1
+3.994636E-1
+4.565298E-1
+5.135960E-1
+5.706623E-1
+6.277285E-1
+6.847947E-1
+7.418609E-1
+7.989272E-1
+8.559934E-1
+9.130596E-1
+9.701258E-1
+1.027192E+0
+1.084258E+0
+1.141325E+0
+1.711987E+0
+2.282649E+0
+2.853311E+0
+3.423974E+0
+3.994636E+0
+4.023169E+0
+4.023169E+0
+3.994636E+0
+3.423974E+0
+2.853311E+0
+2.282649E+0
+1.711987E+0
+1.141325E+0
+1.084258E+0
+1.027192E+0
+9.701258E-1
+9.130596E-1
+8.559934E-1
+7.989272E-1
+7.418609E-1
+6.847947E-1
+6.277285E-1
+5.706623E-1
+5.135960E-1
+4.565298E-1
+3.994636E-1
+3.423974E-1
+2.853311E-1
+2.282649E-1
+1.711987E-1
+1.141325E-1
+5.706623E-2
+0.000000E+0
-5.706623E-2
-1.141325E-1
-1.711987E-1
-2.282649E-1
-2.853311E-1
-3.423974E-1
-3.994636E-1
-4.565298E-1
-5.135960E-1
-5.706623E-1
-6.277285E-1
-6.847947E-1
-7.418609E-1
-7.989272E-1
-8.559934E-1
-9.130596E-1
-9.701258E-1
-1.027192E+0
-1.084258E+0
-1.141325E+0
-1.169858E+0
-1.740520E+0
-2.311182E+0
-2.881844E+0
-3.452507E+0
-4.023169E+0
-4.023169E+0
