0.01
0.23
0.46
0.70
0.93
1.16
1.17
1.20
1.22
1.25
1.26
1.29
1.31
1.34
1.36
1.38
1.40
1.43
1.45
1.47
1.50
1.52
1.55
1.57
1.59
1.61
1.64
1.66
1.69
1.71
1.73
1.76
1.78
1.80
1.82
1.85
1.87
1.89
1.92
1.94
1.96
1.99
2.01
2.03
2.06
2.08
2.11
2.35
2.58
2.82
3.06
3.30
3.31
3.31
3.30
3.06
2.82
2.59
2.35
2.12
2.09
2.07
2.04
2.02
2.00
1.97
1.95
1.93
1.90
1.88
1.85
1.83
1.81
1.78
1.76
1.74
1.72
1.70
1.67
1.64
1.62
1.60
1.57
1.55
1.53
1.51
1.48
1.46
1.43
1.41
1.39
1.36
1.34
1.32
1.29
1.27
1.25
1.22
1.20
1.17
1.16
0.92
0.69
0.46
0.23
0.00
0.00
