+2.954990E-2
+2.961600E-2
+2.968400E-2
+2.975220E-2
+2.982070E-2
+2.988940E-2
+2.989320E-2
+2.989970E-2
+2.990640E-2
+2.991760E-2
+2.992070E-2
+2.992710E-2
+2.993400E-2
+2.994190E-2
+2.994770E-2
+2.995490E-2
+2.996050E-2
+2.996830E-2
+2.997550E-2
+2.998270E-2
+2.998980E-2
+2.999650E-2
+3.000320E-2
+3.001010E-2
+3.001680E-2
+3.002360E-2
+3.003090E-2
+3.003800E-2
+3.004500E-2
+3.005210E-2
+3.005910E-2
+3.006620E-2
+3.007230E-2
+3.007930E-2
+3.008600E-2
+3.009370E-2
+3.009980E-2
+3.010670E-2
+3.011360E-2
+3.012110E-2
+3.012690E-2
+3.013430E-2
+3.014030E-2
+3.014770E-2
+3.015510E-2
+3.016270E-2
+3.017000E-2
+3.024040E-2
+3.031030E-2
+3.038050E-2
+3.045040E-2
+3.052160E-2
+3.052490E-2
+3.052410E-2
+3.052010E-2
+3.045060E-2
+3.038130E-2
+3.031130E-2
+3.024250E-2
+3.017230E-2
+3.016480E-2
+3.015810E-2
+3.015010E-2
+3.014460E-2
+3.013610E-2
+3.012960E-2
+3.012290E-2
+3.011690E-2
+3.010960E-2
+3.010220E-2
+3.009490E-2
+3.008750E-2
+3.008080E-2
+3.007350E-2
+3.006800E-2
+3.006080E-2
+3.005390E-2
+3.004760E-2
+3.004040E-2
+3.003500E-2
+3.002730E-2
+3.001900E-2
+3.001180E-2
+3.000480E-2
+2.999840E-2
+2.999200E-2
+2.998460E-2
+2.997760E-2
+2.997090E-2
+2.996350E-2
+2.995680E-2
+2.994960E-2
+2.994250E-2
+2.993530E-2
+2.993010E-2
+2.992590E-2
+2.991590E-2
+2.990920E-2
+2.990130E-2
+2.989380E-2
+2.989020E-2
+2.982080E-2
+2.975230E-2
+2.968300E-2
+2.961380E-2
+2.954700E-2
+2.954700E-2
