
-5.826535E-3
-3.316570E-3
-2.206302E-4
+1.048587E-3
+4.887078E-3
+1.257355E-2
-6.381669E-2
+1.475138E-1
-8.509683E-2
-2.759064E-2
-1.136364E-2
+1.072310E-2
-1.459006E-2
+1.935852E-2
+7.019836E-2
-5.871610E-2
-2.196813E-2
+3.568041E-2
-8.500194E-2
-6.666354E-2
+7.117103E-5
+8.803857E-2
-2.016513E-2
+9.157340E-3
-3.458912E-2
+9.797879E-3
-3.055610E-2
+1.482730E-2
+8.623557E-2
+2.868193E-2
-1.774768E-1
+9.949711E-2
-1.333271E-1
+2.135131E-4
-9.299682E-3
+4.085217E-2
-3.178973E-2
-7.994879E-3
+3.454168E-2
-4.400742E-2
-2.467263E-3
-2.626211E-2
+8.671004E-2
-8.739803E-2
+1.473240E-2
-2.574019E-3
-4.766087E-3
-8.113498E-4
-7.802718E-3
-2.858703E-3
-1.413931E-2
-1.381186E-2

+3.375879E-3
-3.591765E-3
-2.666541E-3
-3.129153E-3
-4.806417E-3
+1.696243E-2
+1.871798E-2
-2.633328E-3
-6.678215E-2
+7.994879E-3
-2.156482E-2
+1.269217E-2
+1.020118E-2
+3.582275E-3
-1.734201E-2
-2.135131E-4
+8.720824E-2
-1.073971E-1
+4.460051E-3
-4.744736E-4
+1.897894E-4
-7.076773E-2
+3.769692E-2
+9.729080E-2
-9.221394E-2
-1.060211E-1
+1.878915E-2
-2.277473E-2
+8.708962E-2
-8.915358E-2
+2.778043E-2
-5.290380E-3
-1.881288E-2
+8.471725E-2
+2.823118E-2
-3.254889E-2
-7.458724E-2
-1.257355E-3
-1.394952E-2
+3.311825E-2
-5.693683E-3
+5.646235E-2
-4.832513E-2
-2.657052E-2
+8.113498E-3
-1.105523E-2
+4.592904E-3
-7.280797E-3
-7.449235E-4
+1.197405E-1
+3.020736E-2
+3.020736E-2

