
-6.205000E-6
-1.927000E-5
-7.455000E-6
+1.745000E-6
+1.982952E-5
+3.140000E-5
-1.080000E-4
+1.764000E-4
+1.315500E-4
-2.375000E-4
-8.210000E-5
-1.350000E-6
-8.150000E-6
+1.005000E-5
+1.887500E-4
+2.420000E-5
-1.700500E-4
+2.890000E-5
-1.039500E-4
-3.196500E-4
-1.403500E-4
+1.857000E-4
+1.430500E-4
-2.320000E-5
-5.360000E-5
-5.225000E-5
-4.375000E-5
-3.315000E-5
+2.130000E-4
+2.422000E-4
-3.136000E-4
-1.643500E-4
-7.130000E-5
-2.805500E-4
-1.915000E-5
+6.650000E-5
+1.910000E-5
-8.385000E-5
+5.595000E-5
-1.995000E-5
-9.795000E-5
-6.055000E-5
+1.274000E-4
-1.450000E-6
-1.531500E-4
+5.546818E-5
-1.547000E-5
-1.175500E-5
-1.815500E-5
-2.247000E-5
-5.733571E-5


+9.858238E-5
-4.550000E-7
-1.319000E-5
-1.221500E-5
-1.672500E-5
+6.315818E-5
+7.520000E-5
+3.390000E-5
-1.463000E-4
-1.239000E-4
-2.860000E-5
-1.870000E-5
+4.825000E-5
+2.905000E-5
-2.900000E-5
-3.700000E-5
+1.833500E-4
-4.255000E-5
-2.169500E-4
+8.400000E-6
-6.000000E-7
-1.487500E-4
-6.970000E-5
+2.845000E-4
+1.070000E-5
-4.178000E-4
-1.838500E-4
-8.400000E-6
+1.355500E-4
-4.350000E-6
-1.293500E-4
+4.740000E-5
-5.080000E-5
+1.389000E-4
+2.380500E-4
-9.100000E-6
-2.258000E-4
-1.598500E-4
-3.205000E-5
+4.040000E-5
+5.780000E-5
+1.070000E-4
+1.715000E-5
-1.578500E-4
-3.890000E-5
-1.966667E-5
-4.345905E-5
-5.665000E-6
-1.691500E-5
+2.507950E-4
+3.160300E-4


