+4.355414E-1
+4.357844E-1
+4.352932E-1
+4.350136E-1
+4.349950E-1
+4.350834E-1
+4.351040E-1
+4.352100E-1
+4.346720E-1
+4.359156E-1
+4.351982E-1
+4.349656E-1
+4.348698E-1
+4.349602E-1
+4.348372E-1
+4.350004E-1
+4.355922E-1
+4.350972E-1
+4.349120E-1
+4.352128E-1
+4.344962E-1
+4.339342E-1
+4.339348E-1
+4.346770E-1
+4.345070E-1
+4.345842E-1
+4.342926E-1
+4.343752E-1
+4.341176E-1
+4.342426E-1
+4.349696E-1
+4.352114E-1
+4.337152E-1
+4.345540E-1
+4.334300E-1
+4.334318E-1
+4.333534E-1
+4.336978E-1
+4.334298E-1
+4.333624E-1
+4.336536E-1
+4.332826E-1
+4.332618E-1
+4.330404E-1
+4.337714E-1
+4.330346E-1
+4.331588E-1
+4.329418E-1
+4.325400E-1
+4.324716E-1
+4.318138E-1
+4.315728E-1
+4.315132E-1
+4.314724E-1
+4.313696E-1
+4.310850E-1
+4.313878E-1
+4.316126E-1
+4.318764E-1
+4.322816E-1
+4.321386E-1
+4.319808E-1
+4.320030E-1
+4.325660E-1
+4.324986E-1
+4.326804E-1
+4.325734E-1
+4.324874E-1
+4.324572E-1
+4.326034E-1
+4.326052E-1
+4.318700E-1
+4.327754E-1
+4.327378E-1
+4.327418E-1
+4.327402E-1
+4.333368E-1
+4.330190E-1
+4.321988E-1
+4.329762E-1
+4.338700E-1
+4.337116E-1
+4.339036E-1
+4.331694E-1
+4.339210E-1
+4.336868E-1
+4.337314E-1
+4.338900E-1
+4.331758E-1
+4.329378E-1
+4.332122E-1
+4.338410E-1
+4.338516E-1
+4.339692E-1
+4.336900E-1
+4.337380E-1
+4.332620E-1
+4.336694E-1
+4.338934E-1
+4.338250E-1
+4.338716E-1
+4.334844E-1
+4.340982E-1
+4.341610E-1
+4.240664E-1
+4.215198E-1
+4.215198E-1
