8.710828E+5
8.715688E+5
8.705864E+5
8.700272E+5
8.699900E+5
8.701668E+5
8.702080E+5
8.704200E+5
8.693440E+5
8.718312E+5
8.703964E+5
8.699312E+5
8.697396E+5
8.699204E+5
8.696744E+5
8.700008E+5
8.711844E+5
8.701944E+5
8.698240E+5
8.704256E+5
8.689924E+5
8.678684E+5
8.678696E+5
8.693540E+5
8.690140E+5
8.691684E+5
8.685852E+5
8.687504E+5
8.682352E+5
8.684852E+5
8.699392E+5
8.704228E+5
8.674304E+5
8.691080E+5
8.668600E+5
8.668636E+5
8.667068E+5
8.673956E+5
8.668596E+5
8.667248E+5
8.673072E+5
8.665652E+5
8.665236E+5
8.660808E+5
8.675428E+5
8.660692E+5
8.663176E+5
8.658836E+5
8.650800E+5
8.649432E+5
8.636276E+5
8.631456E+5
8.630264E+5
8.629448E+5
8.627392E+5
8.621700E+5
8.627756E+5
8.632252E+5
8.637528E+5
8.645632E+5
8.642772E+5
8.639616E+5
8.640060E+5
8.651320E+5
8.649972E+5
8.653608E+5
8.651468E+5
8.649748E+5
8.649144E+5
8.652068E+5
8.652104E+5
8.637400E+5
8.655508E+5
8.654756E+5
8.654836E+5
8.654804E+5
8.666736E+5
8.660380E+5
8.643976E+5
8.659524E+5
8.677400E+5
8.674232E+5
8.678072E+5
8.663388E+5
8.678420E+5
8.673736E+5
8.674628E+5
8.677800E+5
8.663516E+5
8.658756E+5
8.664244E+5
8.676820E+5
8.677032E+5
8.679384E+5
8.673800E+5
8.674760E+5
8.665240E+5
8.673388E+5
8.677868E+5
8.676500E+5
8.677432E+5
8.669688E+5
8.681964E+5
8.683220E+5
8.481328E+5
8.430396E+5
8.430396E+5
