
-5.987542E-1
-5.512654E-1
-1.042953E+0
+3.944339E-1
+2.037602E+1
-1.588703E+1
+1.264131E+1
+9.784258E-1
-1.181169E+1
+1.048012E+1
-7.447759E+0
+1.114940E+0
+1.609313E+0
-8.489219E+0
-5.464195E+0
+2.407901E+0
+1.269368E+1
-1.278910E+1
-3.600422E-2
+1.349244E+1
-4.117985E+0
+6.544301E-3
-9.968118E-1
+3.319179E+0
+2.573368E+0
+1.703878E+0
-9.626392E-1
-8.255244E+0
+1.424775E+1
-1.008639E+1
-2.234741E+0
+3.279068E+0
-1.001923E+1
-8.606502E+0
+1.019947E+1
-3.129007E+0
+5.579654E+0
+1.066064E+1
+3.399810E+0
-2.647321E+0
-1.541366E+1
-2.944879E+0
+3.547173E+0
-2.847151E+0
+1.982388E+1
-8.846331E-1
-1.877242E-1
-1.772562E-1
-1.026382E+0
+1.414791E+0
+2.197138E+0
+2.226926E+1

-1.562510E-1
+9.085863E-1
-6.678145E-2
-4.347614E-1
-1.256718E+0
-1.309875E+0
+8.386201E+0
-4.374439E+0
+1.410502E+1
-2.066710E+0
-3.834545E+0
+1.148296E+0
+1.555388E+0
-3.206983E+1
+2.915654E+1
-3.202213E+0
+1.043601E+1
-2.009403E+0
-1.594020E-1
+1.866943E+0
+9.365958E-1
+1.402551E+0
-3.256483E+0
-3.644372E+0
-6.464698E-2
+7.635135E-1
-1.273990E+0
-6.105635E+0
+6.069821E+0
+1.083469E+1
-1.857524E+1
-7.476381E+0
+1.827248E+1
-6.994442E-2
-3.816574E+0
-1.459027E+0
-1.287152E+1
+1.066829E+1
+7.422723E+0
-5.560634E+0
-4.714545E+0
-5.121828E+0
+6.149297E+0
-5.558288E-1
+9.417756E+0
+2.606708E+1
-1.488102E+0
+1.004631E+0
+4.070914E-1
+1.036993E-1
-6.602220E-1
+0.000000E+0

