
-1.173915E-3
-8.162585E-4
-1.131541E-3
-4.603045E-4
+2.757419E-2
+1.176576E-2
-2.303740E-3
+9.666990E-3
-7.689210E-3
-9.451150E-4
+2.152305E-3
-4.494895E-3
+1.933615E-3
-4.883205E-3
-9.903825E-3
-2.169290E-3
+1.071877E-2
-6.772500E-5
-9.102975E-3
+9.551080E-3
+6.653780E-3
-2.918210E-3
-7.028700E-4
+1.648365E-3
+4.182400E-3
+3.035895E-3
+5.261150E-4
-6.542650E-3
+4.253345E-3
+2.953635E-3
-8.745270E-3
+7.412400E-4
-4.784015E-3
-1.322013E-2
+1.130650E-3
+5.018455E-3
+1.739415E-3
+1.152701E-2
+9.979800E-3
+5.341000E-4
-1.281929E-2
-1.303049E-2
+4.274950E-4
+4.968600E-4
+1.204971E-2
+2.546866E-2
-7.611355E-4
-2.590550E-4
-8.543160E-4
+2.756840E-4
+3.066075E-3


+1.437024E-2
+5.339910E-4
+5.974945E-4
-3.559840E-4
-1.200575E-3
-1.852580E-3
+5.022620E-3
+2.847460E-3
+6.906555E-3
+8.544530E-3
-4.188580E-3
-1.906640E-3
+1.919015E-3
-2.165848E-2
-2.067790E-3
+1.842181E-2
+5.134390E-3
+5.981020E-3
-1.539370E-3
+1.211975E-3
+1.989890E-3
+1.660275E-3
-1.315880E-3
-4.898075E-3
-2.632580E-3
+4.960400E-4
-3.623250E-4
-5.237895E-3
-2.542000E-5
+1.199845E-2
-5.494075E-3
-1.849087E-2
+7.662835E-3
+1.291976E-2
-2.758565E-3
-3.744505E-3
-1.017151E-2
-1.563800E-3
+1.284061E-2
+1.321670E-3
-7.293095E-3
-6.981640E-3
+7.292750E-4
+3.970120E-3
+6.290000E-3
+2.912546E-2
+3.514101E-2
-3.431570E-4
+1.002010E-3
+3.625480E-4
-3.950075E-4


