117.07
95.97
84.00
72.97
52.11
60.00
80.38
48.60
73.88
75.84
52.22
73.18
58.28
60.51
63.73
46.75
35.82
40.64
66.03
40.45
40.38
67.36
59.13
59.14
57.15
63.78
68.93
72.34
70.41
53.90
82.40
62.23
57.76
64.31
44.28
27.06
47.46
41.20
52.36
73.68
80.48
75.19
44.36
38.47
45.57
39.87
79.52
61.83
58.07
54.53
34.00
62.30
64.49
47.13
36.49
39.62
21.45
22.78
31.48
56.61
59.23
42.46
51.21
23.00
27.13
34.80
32.50
29.39
93.53
35.22
41.62
20.75
24.77
25.09
21.36
19.48
16.68
23.19
30.48
30.61
29.08
31.63
43.84
31.70
10.03
47.18
62.13
25.59
25.73
33.36
36.28
62.02
40.69
25.84
36.96
46.39
56.64
44.34
45.45
26.61
0.55
30.31
10.22
2.07
0.00
13.20
13.20
