+3.081480E-1
+2.781907E-1
+2.611914E-1
+2.455403E-1
+2.159297E-1
+2.271282E-1
+2.560531E-1
+2.109480E-1
+2.468381E-1
+2.496160E-1
+2.160813E-1
+2.458355E-1
+2.246905E-1
+2.278559E-1
+2.324249E-1
+2.083231E-1
+1.928096E-1
+1.996459E-1
+2.356847E-1
+1.993750E-1
+1.992728E-1
+2.375794E-1
+2.258879E-1
+2.259065E-1
+2.230765E-1
+2.325000E-1
+2.398061E-1
+2.446436E-1
+2.419105E-1
+2.184730E-1
+2.589239E-1
+2.302875E-1
+2.239428E-1
+2.332525E-1
+2.048068E-1
+1.803719E-1
+2.093294E-1
+2.004458E-1
+2.162870E-1
+2.465538E-1
+2.562062E-1
+2.486902E-1
+2.049291E-1
+1.965682E-1
+2.066391E-1
+1.985557E-1
+2.548379E-1
+2.297222E-1
+2.243925E-1
+2.193600E-1
+1.902198E-1
+2.303873E-1
+2.335063E-1
+2.088594E-1
+1.937596E-1
+1.981957E-1
+1.723999E-1
+1.742959E-1
+1.866393E-1
+2.223189E-1
+2.260378E-1
+2.022284E-1
+2.146479E-1
+1.746022E-1
+1.804698E-1
+1.913565E-1
+1.880964E-1
+1.836805E-1
+2.747303E-1
+1.919516E-1
+2.010431E-1
+1.714141E-1
+1.771190E-1
+1.775715E-1
+1.722711E-1
+1.696120E-1
+1.656300E-1
+1.748755E-1
+1.852223E-1
+1.854058E-1
+1.832381E-1
+1.868551E-1
+2.041897E-1
+1.869568E-1
+1.561959E-1
+2.089331E-1
+2.301594E-1
+1.782818E-1
+1.784803E-1
+1.893160E-1
+1.934584E-1
+2.300020E-1
+1.997136E-1
+1.786396E-1
+1.944269E-1
+2.078120E-1
+2.223534E-1
+2.048949E-1
+2.064730E-1
+1.797349E-1
+1.427312E-1
+1.849801E-1
+1.564575E-1
+1.448997E-1
+1.419556E-1
+1.607000E-1
+1.607000E-1
