+1.498531E-2
+1.376140E-2
+2.191411E-2
+6.378774E-3
+4.913606E-3
+3.439278E-2
+1.232504E-2
+1.168623E-2
+1.656913E-2
+3.569470E-2
+3.110894E-2
+2.112019E-2
+1.996864E-2
+2.852993E-2
+1.583750E-2
+2.565102E-3
+2.292915E-2
+1.963532E-3
+2.624568E-3
+2.363627E-3
+1.554809E-3
+4.070613E-3
+9.844034E-3
+3.366616E-3
+3.166339E-3
+7.277329E-3
+5.102811E-3
+5.561251E-3
+1.267559E-2
+5.534247E-3
+1.570805E-2
+2.540680E-3
+1.363189E-2
+1.671156E-2
+2.678466E-2
+2.590893E-2
+2.469074E-2
+1.929929E-2
+7.411736E-3
+9.912174E-4
+2.818496E-3
+7.338502E-3
+2.557286E-2
+6.995263E-3
+2.021676E-2
+8.646839E-3
+2.687363E-2
+2.294164E-2
+1.421333E-2
+2.226582E-2
+2.115361E-2
+2.309355E-3
+6.322739E-3
+2.179506E-3
+8.547328E-3
+1.002983E-2
+4.349518E-3
+3.609613E-3
+2.976959E-3
+2.475718E-3
+5.850554E-3
+9.939808E-3
+9.877621E-3
+8.061890E-3
+1.336619E-2
+1.697770E-2
+3.912814E-2
+6.605613E-3
+3.769703E-2
+1.249116E-2
+1.625700E-3
+2.126321E-2
+1.089720E-2
+3.135734E-3
+6.239384E-3
+6.433297E-3
+6.214136E-3
+9.221924E-4
+2.680730E-3
+1.178383E-3
+5.623411E-3
+7.959857E-3
+5.483429E-3
+9.719658E-3
+1.124982E-2
+1.165271E-2
+1.174257E-2
+2.260202E-2
+1.176663E-2
+7.816309E-3
+1.337450E-2
+1.836337E-2
+3.684609E-3
+8.352699E-3
+1.594058E-2
+3.194993E-2
+1.649367E-2
+2.079905E-2
+1.489767E-2
+2.828619E-2
+3.371229E-3
+1.222221E-2
+5.958029E-3
+4.058377E-3
+4.397432E-3
+5.794543E-3
+5.794543E-3
