3.081480E+5
2.781907E+5
2.611914E+5
2.455403E+5
2.159297E+5
2.271282E+5
2.560531E+5
2.109480E+5
2.468381E+5
2.496160E+5
2.160813E+5
2.458355E+5
2.246905E+5
2.278559E+5
2.324249E+5
2.083231E+5
1.928096E+5
1.996459E+5
2.356847E+5
1.993750E+5
1.992728E+5
2.375794E+5
2.258879E+5
2.259065E+5
2.230765E+5
2.325000E+5
2.398061E+5
2.446436E+5
2.419105E+5
2.184730E+5
2.589239E+5
2.302875E+5
2.239428E+5
2.332525E+5
2.048068E+5
1.803719E+5
2.093294E+5
2.004458E+5
2.162870E+5
2.465538E+5
2.562062E+5
2.486902E+5
2.049291E+5
1.965682E+5
2.066391E+5
1.985557E+5
2.548379E+5
2.297222E+5
2.243925E+5
2.193600E+5
1.902198E+5
2.303873E+5
2.335063E+5
2.088594E+5
1.937596E+5
1.981957E+5
1.723999E+5
1.742959E+5
1.866393E+5
2.223189E+5
2.260378E+5
2.022284E+5
2.146479E+5
1.746022E+5
1.804698E+5
1.913565E+5
1.880964E+5
1.836805E+5
2.747303E+5
1.919516E+5
2.010431E+5
1.714141E+5
1.771190E+5
1.775715E+5
1.722711E+5
1.696120E+5
1.656300E+5
1.748755E+5
1.852223E+5
1.854058E+5
1.832381E+5
1.868551E+5
2.041897E+5
1.869568E+5
1.561959E+5
2.089331E+5
2.301594E+5
1.782818E+5
1.784803E+5
1.893160E+5
1.934584E+5
2.300020E+5
1.997136E+5
1.786396E+5
1.944269E+5
2.078120E+5
2.223534E+5
2.048949E+5
2.064730E+5
1.797349E+5
1.427312E+5
1.849801E+5
1.564575E+5
1.448997E+5
1.419556E+5
1.607000E+5
1.607000E+5
