
-4.494463E-1
-3.324336E-1
-5.240320E-1
-3.428268E-1
+4.939182E+0
+5.577563E+0
-5.345519E+0
+4.253430E+0
+4.582641E+0
-3.645074E+0
-4.480322E-1
+1.020301E+0
-2.130807E+0
-2.344054E+0
-5.136582E+0
-2.011500E+0
+8.864054E-1
+5.559250E+0
-3.512532E-2
-4.721224E+0
+4.953632E+0
+3.450958E+0
-1.513519E+0
-3.645409E-1
+8.549184E-1
+2.169186E+0
+1.574556E+0
+2.728676E-1
-3.393321E+0
+2.205982E+0
+1.531892E+0
-4.535702E+0
+3.844414E-1
-7.329372E+0
-3.386727E+0
+4.013571E+0
+2.782281E+0
+9.643490E-1
+6.390686E+0
+5.532901E+0
+2.961104E-1
-7.107139E+0
-7.224231E+0
+2.370075E-1
+2.754641E-1
-1.895215E+0
+4.319755E-1
-4.219811E-1
-1.436227E-1
-4.736413E-1
+2.117036E+1


+1.303373E+1
+3.097397E-1
+3.740689E-1
-2.749421E-2
-2.064873E-1
-9.439746E+0
-5.713242E+0
+2.913354E+0
+1.651660E+0
+4.006124E+0
+4.956226E+0
-2.429572E+0
-1.105940E+0
+1.113118E+0
-1.256293E+1
-1.199415E+0
+2.995314E+0
+4.321262E+0
-8.320379E-1
-8.980419E-1
+1.173201E+0
+1.002400E+0
+6.010385E-1
-1.395508E+0
-2.957239E+0
-1.589434E+0
+2.994868E-1
-2.187557E-1
-3.162408E+0
+7.681664E+0
+4.923445E+0
-8.440870E+0
-1.183825E+1
+4.905912E+0
+8.271509E+0
-1.766093E+0
-2.397313E+0
-6.512017E+0
-1.001179E+0
+8.220833E+0
+8.461617E-1
-4.669197E+0
-4.469797E+0
+4.668976E-1
+2.541757E+0
+2.040581E+1
+2.469088E+1
-7.400077E-1
-2.404218E-1
+2.553954E-1
+5.184967E-2


