
-1.497865E+3
-8.499650E+2
-7.825520E+2
-1.480530E+3
+5.599210E+2
+2.892490E+4
-2.255253E+4
+1.794505E+4
+1.388930E+3
-1.676735E+4
+1.487712E+4
-1.057251E+4
+1.582720E+3
+2.284510E+3
-1.205092E+4
-7.756730E+3
+3.418150E+3
+1.801939E+4
-1.815484E+4
-5.111000E+1
+1.915327E+4
-5.845710E+3
+9.290000E+0
-1.415030E+3
+4.711760E+3
+3.653040E+3
+2.418750E+3
-1.366520E+3
-1.171878E+4
+2.022547E+4
-1.431820E+4
-3.172340E+3
+4.654820E+3
-1.422285E+4
-1.221741E+4
+1.447871E+4
-4.441800E+3
+7.920630E+3
+1.513338E+4
+4.826220E+3
-3.758020E+3
-2.188055E+4
-4.180420E+3
+5.035410E+3
-4.041690E+3
+2.814111E+4
-1.255786E+3
-2.664850E+2
-2.516250E+2
-1.457007E+3
+2.008375E+3
+3.118960E+3

+1.509984E+4
-2.218070E+2
+1.289789E+3
-9.480000E+1
-6.171680E+2
-1.783981E+3
-1.859440E+3
+1.190468E+4
-6.209760E+3
+2.002287E+4
-2.933810E+3
-5.443350E+3
+1.630070E+3
+2.207960E+3
-4.552491E+4
+4.138933E+4
-4.545720E+3
+1.481450E+4
-2.852460E+3
-2.262800E+2
+2.650230E+3
+1.329550E+3
+1.991000E+3
-4.622760E+3
-5.173390E+3
-9.177000E+1
+1.083850E+3
-1.808500E+3
-8.667290E+3
+8.616450E+3
+1.538044E+4
-2.636859E+4
-1.061314E+4
+2.593881E+4
-9.929000E+1
-5.417840E+3
-2.071170E+3
-1.827184E+4
+1.514424E+4
+1.053697E+4
-7.893630E+3
-6.692560E+3
-7.270720E+3
+8.729270E+3
-7.890300E+2
+1.336903E+4
+3.700368E+4
-2.112444E+3
+1.426130E+3
+5.778890E+2
+1.472070E+2
-9.372220E+2

