
-1.497865E-3
-8.499650E-4
-7.825520E-4
-1.480530E-3
+5.599210E-4
+2.892490E-2
-2.255253E-2
+1.794505E-2
+1.388930E-3
-1.676735E-2
+1.487712E-2
-1.057251E-2
+1.582720E-3
+2.284510E-3
-1.205092E-2
-7.756730E-3
+3.418150E-3
+1.801939E-2
-1.815484E-2
-5.111000E-5
+1.915327E-2
-5.845710E-3
+9.290000E-6
-1.415030E-3
+4.711760E-3
+3.653040E-3
+2.418750E-3
-1.366520E-3
-1.171878E-2
+2.022547E-2
-1.431820E-2
-3.172340E-3
+4.654820E-3
-1.422285E-2
-1.221741E-2
+1.447871E-2
-4.441800E-3
+7.920630E-3
+1.513338E-2
+4.826220E-3
-3.758020E-3
-2.188055E-2
-4.180420E-3
+5.035410E-3
-4.041690E-3
+2.814111E-2
-1.255786E-3
-2.664850E-4
-2.516250E-4
-1.457007E-3
+2.008375E-3
+3.118960E-3

+1.509984E-2
-2.218070E-4
+1.289789E-3
-9.480000E-5
-6.171680E-4
-1.783981E-3
-1.859440E-3
+1.190468E-2
-6.209760E-3
+2.002287E-2
-2.933810E-3
-5.443350E-3
+1.630070E-3
+2.207960E-3
-4.552491E-2
+4.138933E-2
-4.545720E-3
+1.481450E-2
-2.852460E-3
-2.262800E-4
+2.650230E-3
+1.329550E-3
+1.991000E-3
-4.622760E-3
-5.173390E-3
-9.177000E-5
+1.083850E-3
-1.808500E-3
-8.667290E-3
+8.616450E-3
+1.538044E-2
-2.636859E-2
-1.061314E-2
+2.593881E-2
-9.929000E-5
-5.417840E-3
-2.071170E-3
-1.827184E-2
+1.514424E-2
+1.053697E-2
-7.893630E-3
-6.692560E-3
-7.270720E-3
+8.729270E-3
-7.890300E-4
+1.336903E-2
+3.700368E-2
-2.112444E-3
+1.426130E-3
+5.778890E-4
+1.472070E-4
-9.372220E-4

