+3.369750E-1
+2.998326E-1
+2.895926E-1
+2.532222E-1
+2.231324E-1
+2.815011E-1
+2.724725E-1
+2.273661E-1
+2.767458E-1
+2.857542E-1
+2.541220E-1
+2.726562E-1
+2.442835E-1
+2.553242E-1
+2.576782E-1
+2.103174E-1
+2.161853E-1
+2.029792E-1
+2.404585E-1
+2.015481E-1
+2.014315E-1
+2.414148E-1
+2.452964E-1
+2.316150E-1
+2.266318E-1
+2.420900E-1
+2.451938E-1
+2.553052E-1
+2.528508E-1
+2.293836E-1
+2.737350E-1
+2.346620E-1
+2.449393E-1
+2.551382E-1
+2.293665E-1
+2.085220E-1
+2.462941E-1
+2.295567E-1
+2.297981E-1
+2.481000E-1
+2.596382E-1
+2.565582E-1
+2.328748E-1
+2.072380E-1
+2.360420E-1
+2.122139E-1
+2.872491E-1
+2.719528E-1
+2.390268E-1
+2.419417E-1
+2.278602E-1
+2.330473E-1
+2.414850E-1
+2.114925E-1
+2.047936E-1
+2.100921E-1
+1.771460E-1
+1.798467E-1
+1.916760E-1
+2.252057E-1
+2.324046E-1
+2.092108E-1
+2.270077E-1
+1.850696E-1
+1.985403E-1
+2.238106E-1
+2.494180E-1
+1.921999E-1
+3.137350E-1
+2.051147E-1
+2.022814E-1
+2.135125E-1
+1.966419E-1
+1.824897E-1
+1.808511E-1
+1.762744E-1
+1.710857E-1
+1.762549E-1
+1.892165E-1
+1.876076E-1
+1.891457E-1
+2.024292E-1
+2.147018E-1
+1.991955E-1
+1.748116E-1
+2.252108E-1
+2.508532E-1
+2.048834E-1
+1.873775E-1
+2.041130E-1
+2.022584E-1
+2.469611E-1
+2.051927E-1
+1.887205E-1
+2.187104E-1
+2.380857E-1
+2.428657E-1
+2.382502E-1
+2.286815E-1
+2.262646E-1
+1.476459E-1
+2.090289E-1
+1.649488E-1
+1.493190E-1
+1.487329E-1
+1.677533E-1
+1.677533E-1
