+2.948890E-1
+2.632361E-1
+2.385896E-1
+2.350706E-1
+2.097231E-1
+1.798182E-1
+2.435210E-1
+1.982769E-1
+2.266145E-1
+1.894603E-1
+1.797187E-1
+2.123605E-1
+1.995201E-1
+1.901472E-1
+2.160361E-1
+2.033312E-1
+1.488852E-1
+1.969732E-1
+2.332945E-1
+1.947908E-1
+1.974131E-1
+2.299249E-1
+2.191638E-1
+2.215906E-1
+2.193751E-1
+2.242512E-1
+2.315845E-1
+2.394110E-1
+2.180970E-1
+2.148935E-1
+2.344694E-1
+2.274155E-1
+2.023697E-1
+2.078627E-1
+1.541786E-1
+1.461631E-1
+1.801703E-1
+1.712972E-1
+2.085607E-1
+2.450669E-1
+2.515573E-1
+2.369551E-1
+1.678191E-1
+1.895127E-1
+1.865245E-1
+1.869295E-1
+2.121195E-1
+2.113458E-1
+1.972045E-1
+1.904651E-1
+1.675435E-1
+2.263173E-1
+2.239683E-1
+2.052874E-1
+1.798962E-1
+1.796319E-1
+1.645186E-1
+1.686548E-1
+1.823096E-1
+2.185923E-1
+2.188806E-1
+1.828684E-1
+2.024386E-1
+1.634951E-1
+1.630332E-1
+1.742297E-1
+1.468046E-1
+1.739157E-1
+2.280527E-1
+1.735454E-1
+1.978974E-1
+1.570591E-1
+1.634217E-1
+1.737767E-1
+1.616966E-1
+1.585461E-1
+1.569494E-1
+1.735352E-1
+1.810535E-1
+1.840893E-1
+1.747882E-1
+1.807026E-1
+1.999261E-1
+1.773075E-1
+1.422667E-1
+1.926692E-1
+2.144643E-1
+1.480012E-1
+1.553137E-1
+1.815397E-1
+1.673171E-1
+2.001655E-1
+1.955937E-1
+1.652512E-1
+1.705897E-1
+1.484627E-1
+2.027131E-1
+1.727213E-1
+1.902294E-1
+1.381215E-1
+1.383230E-1
+1.754710E-1
+1.468309E-1
+1.383379E-1
+1.354160E-1
+1.531864E-1
+1.531864E-1
